##FastQC	0.11.9
>>Basic Statistics	pass
#Measure	Value
Filename	ERR3077936_1.fastq
File type	Conventional base calls
Encoding	Sanger / Illumina 1.9
Total Sequences	1282638
Sequences flagged as poor quality	0
Sequence length	35-151
%GC	65
>>END_MODULE
>>Per base sequence quality	pass
#Base	Mean	Median	Lower Quartile	Upper Quartile	10th Percentile	90th Percentile
1	32.34011622920887	33.0	32.0	33.0	32.0	34.0
2	32.322615578206786	33.0	32.0	34.0	32.0	34.0
3	32.45813783779991	33.0	32.0	34.0	32.0	34.0
4	32.55468261504805	33.0	32.0	34.0	32.0	34.0
5	32.26731548574111	33.0	32.0	34.0	32.0	34.0
6	33.68656082230528	34.0	33.0	37.0	32.0	37.0
7	33.61956842070795	34.0	33.0	37.0	31.0	37.0
8	33.714553131904715	34.0	33.0	37.0	32.0	37.0
9	33.78742092468803	34.0	33.0	37.0	32.0	37.0
10-14	34.69851602712534	35.6	34.6	37.4	32.2	37.4
15-19	36.18880744216217	38.0	37.0	38.0	33.0	38.0
20-24	36.54461430271051	38.0	37.0	38.4	34.0	38.4
25-29	36.47183975525441	38.0	37.0	39.0	33.4	39.0
30-34	36.51090627285329	38.0	37.0	39.0	33.8	39.0
35-39	36.44466304806216	38.0	37.0	39.0	33.4	39.0
40-44	36.308095163978265	38.0	37.0	39.0	32.6	39.0
45-49	36.19003684165788	38.0	37.0	39.0	32.2	39.0
50-54	36.10347867007874	38.0	36.6	39.0	32.0	39.0
55-59	36.09473384347999	38.0	37.0	39.0	32.0	39.0
60-64	35.844392323083504	38.0	36.2	39.0	30.4	39.0
65-69	35.82929302673718	38.0	36.2	39.0	30.4	39.0
70-74	35.80281067027122	38.0	36.2	39.0	30.6	39.0
75-79	35.62165632568234	38.0	36.0	39.0	30.0	39.0
80-84	35.449680995706444	38.0	36.0	39.0	30.0	39.0
85-89	35.13380414117476	38.0	35.0	38.0	27.8	39.0
90-94	35.03026680101496	38.0	34.8	38.0	27.0	39.0
95-99	35.10684641984758	38.0	35.0	38.0	27.0	39.0
100-104	34.688275761317456	38.0	34.0	38.0	26.0	39.0
105-109	34.50894200005279	38.0	34.0	38.0	25.2	39.0
110-114	34.40917591911533	38.0	34.0	38.0	24.4	39.0
115-119	34.024930858334415	37.6	33.8	38.0	24.0	39.0
120-124	33.82349625729289	37.0	33.0	38.0	22.4	39.0
125-129	33.534596156459486	37.0	32.8	38.0	19.0	38.4
130-134	33.06777802698001	37.0	32.0	38.0	15.0	38.0
135-139	32.81661690349981	37.0	32.0	37.8	14.2	38.0
140-144	32.59789827958121	37.0	31.6	37.0	14.0	38.0
145-149	32.17956046760704	37.0	31.0	37.0	14.0	38.0
150-151	30.428562520966878	35.0	27.5	37.0	13.0	37.5
>>END_MODULE
>>Per tile sequence quality	pass
#Tile	Base	Mean
1101	1	-0.06532116348469685
1101	2	0.0068536332521489385
1101	3	0.09927477191497758
1101	4	0.10397330728962828
1101	5	0.11258886936762025
1101	6	0.14999919353287794
1101	7	0.2016353003304019
1101	8	0.29125498180486176
1101	9	0.3611699039514704
1101	10-14	0.1946808428261022
1101	15-19	0.212881623882069
1101	20-24	0.2288389162886304
1101	25-29	0.23501806377052503
1101	30-34	0.20447591885381655
1101	35-39	0.23051571327062703
1101	40-44	0.09924353728443691
1101	45-49	0.15060380434518805
1101	50-54	0.23273779882126178
1101	55-59	0.1750107000976726
1101	60-64	0.23339374640601562
1101	65-69	0.14652876725177322
1101	70-74	0.12202542183513287
1101	75-79	0.0611956971813612
1101	80-84	0.19240664829543874
1101	85-89	0.28732391133714685
1101	90-94	0.23558127321689426
1101	95-99	0.18015098515729022
1101	100-104	0.3576952603391774
1101	105-109	0.28891071340471797
1101	110-114	0.21159490449137763
1101	115-119	0.30627645490861255
1101	120-124	0.25503497046862833
1101	125-129	0.3512900718081369
1101	130-134	0.4359815994525036
1101	135-139	0.43207839184584884
1101	140-144	0.3431060291287409
1101	145-149	0.4096464384817651
1101	150-151	0.18653377205786725
1102	1	0.05691683389187574
1102	2	0.013430576027239738
1102	3	0.07389865333767887
1102	4	0.08607985224990244
1102	5	-0.04709026831489638
1102	6	0.17204632234673767
1102	7	0.25508606131953115
1102	8	0.22087645373481024
1102	9	0.2478910597300441
1102	10-14	0.20496678370601984
1102	15-19	0.25040601594435685
1102	20-24	0.16764487756818625
1102	25-29	0.02244353697113155
1102	30-34	0.2042947747013244
1102	35-39	0.21577066689071955
1102	40-44	0.2525427418318884
1102	45-49	0.19328391680442536
1102	50-54	0.2562268303873978
1102	55-59	0.19303795623235231
1102	60-64	0.14228526796453167
1102	65-69	0.15953427025546318
1102	70-74	0.16329721667979413
1102	75-79	0.13154837270996467
1102	80-84	0.24271535451359938
1102	85-89	0.20056815822772478
1102	90-94	-0.02437306882153223
1102	95-99	0.1750821529614086
1102	100-104	0.031964578555339074
1102	105-109	0.13209708005267373
1102	110-114	0.24555094490319362
1102	115-119	0.2320260911538199
1102	120-124	0.26925808199779055
1102	125-129	0.4013101241466188
1102	130-134	0.49930332266168165
1102	135-139	0.7019320798396791
1102	140-144	0.6244535094279016
1102	145-149	0.4993484951390599
1102	150-151	0.5694034183727901
1103	1	-0.08169092372477138
1103	2	0.08235036379868887
1103	3	-0.050424258422886226
1103	4	-0.034634903928960625
1103	5	-0.02308184021841697
1103	6	0.27512036502173487
1103	7	0.14855602080011465
1103	8	0.12396758334946867
1103	9	0.18970208913053455
1103	10-14	0.06325070000337973
1103	15-19	0.2653611408214118
1103	20-24	0.09215413920063042
1103	25-29	0.20197626758822196
1103	30-34	0.10806607769730192
1103	35-39	0.222644546909315
1103	40-44	-0.06400137091046787
1103	45-49	-0.019663982950795855
1103	50-54	0.11796169381022992
1103	55-59	0.08667552353019659
1103	60-64	0.001529978529475784
1103	65-69	0.08886637930272201
1103	70-74	0.08597854595293342
1103	75-79	0.07288140987045466
1103	80-84	0.283329447511278
1103	85-89	0.09175268279201987
1103	90-94	0.07676242137140576
1103	95-99	0.09812235060488206
1103	100-104	-0.18315497584652007
1103	105-109	-0.239554525671835
1103	110-114	-0.004563981330299782
1103	115-119	-0.6983829850278198
1103	120-124	-0.8770657255035275
1103	125-129	-0.46243142729343134
1103	130-134	-0.8106578558785102
1103	135-139	-1.4315371702854485
1103	140-144	-1.761454595697927
1103	145-149	-1.964504904266505
1103	150-151	-1.6803031418613195
1104	1	0.05379036824836447
1104	2	-0.12309560532652597
1104	3	-0.007616019332267854
1104	4	0.042599665946319476
1104	5	-0.02381918649862058
1104	6	0.08767305857059426
1104	7	0.17079415203249226
1104	8	0.1478432120380191
1104	9	0.15529792597676817
1104	10-14	0.14780080611728863
1104	15-19	0.3338499625209792
1104	20-24	0.07929713132203631
1104	25-29	0.29982455377597717
1104	30-34	0.2755125846601203
1104	35-39	0.21613132929315526
1104	40-44	0.23136157170404914
1104	45-49	0.15060869247881215
1104	50-54	0.2833271808240454
1104	55-59	0.3083402662095267
1104	60-64	0.39451472107734986
1104	65-69	0.3362488955508596
1104	70-74	0.31417820299440535
1104	75-79	0.18397982109573974
1104	80-84	0.20438194212202632
1104	85-89	0.16939452789328868
1104	90-94	0.12338009342278156
1104	95-99	0.26962115194869796
1104	100-104	0.30035020808478663
1104	105-109	0.20554571283481948
1104	110-114	0.38776452716670207
1104	115-119	0.27464505551380824
1104	120-124	0.14903124962394543
1104	125-129	0.2026332304999059
1104	130-134	0.39122232524464806
1104	135-139	0.1091707129640298
1104	140-144	0.1447865326686113
1104	145-149	0.35582333648277853
1104	150-151	0.06841824701904997
1105	1	0.12718972075264645
1105	2	-0.012983245775970431
1105	3	0.15197643924705062
1105	4	-0.027095154087959372
1105	5	0.08912834730446662
1105	6	0.10550870892290476
1105	7	-0.15557034996712815
1105	8	0.007738470084106552
1105	9	-0.16475634939935446
1105	10-14	-0.2188390720011668
1105	15-19	-0.1997977236340418
1105	20-24	0.05557069826166128
1105	25-29	0.13304289313990125
1105	30-34	0.24807904819087412
1105	35-39	0.14675503057772943
1105	40-44	0.28449480654745685
1105	45-49	-0.03284818725011007
1105	50-54	0.133932628524569
1105	55-59	0.36751915175934613
1105	60-64	0.3196003816055395
1105	65-69	0.2226490292750114
1105	70-74	0.34606378470440546
1105	75-79	0.29235255896454504
1105	80-84	0.052745100955213786
1105	85-89	0.3001197064862069
1105	90-94	0.19624985485851454
1105	95-99	0.29113502780376166
1105	100-104	0.4084956868660754
1105	105-109	0.1278720044078483
1105	110-114	0.22941947789000494
1105	115-119	0.2883622274598707
1105	120-124	-0.008397398435889158
1105	125-129	-0.32767327430451587
1105	130-134	-0.11425006201246646
1105	135-139	0.15550522848121062
1105	140-144	0.035348930220031605
1105	145-149	0.621140025535162
1105	150-151	0.4064641277679648
1106	1	0.053271208258578895
1106	2	-0.05117881483618447
1106	3	0.10681252691183118
1106	4	0.13248049840119336
1106	5	0.2114430828385636
1106	6	0.09597539101287111
1106	7	0.16590260718073324
1106	8	0.03806138155832883
1106	9	0.08940787060689814
1106	10-14	0.037377347137407924
1106	15-19	0.27404431472228197
1106	20-24	0.18967438578238927
1106	25-29	0.34235920041977863
1106	30-34	0.12926848052590856
1106	35-39	0.10548907159505916
1106	40-44	0.27626966195958147
1106	45-49	0.32190791046824785
1106	50-54	0.346094462487315
1106	55-59	0.26277925729284135
1106	60-64	0.0590213112546607
1106	65-69	0.10765793936076307
1106	70-74	0.2012409989171431
1106	75-79	0.31365932522725615
1106	80-84	0.3905440953124355
1106	85-89	0.5249151967400891
1106	90-94	0.31902112515281544
1106	95-99	0.23146558163848852
1106	100-104	0.3578969434551027
1106	105-109	0.40607281481890567
1106	110-114	0.41947819333912406
1106	115-119	0.4500716630258239
1106	120-124	0.3939203079872087
1106	125-129	0.3204872036731956
1106	130-134	0.4835199127587231
1106	135-139	0.5188445142194524
1106	140-144	0.5758943719207963
1106	145-149	0.717615891879241
1106	150-151	0.5564621471058082
1107	1	0.02170313396336354
1107	2	0.03821430575566609
1107	3	0.038431935264149786
1107	4	0.055340155711029126
1107	5	0.07531428761817693
1107	6	0.17098203967326242
1107	7	-0.2006558441079136
1107	8	-0.6117138898076036
1107	9	-0.14744376761519362
1107	10-14	0.020970382186298764
1107	15-19	0.05854838082061775
1107	20-24	0.12567920771269314
1107	25-29	0.14570273197180938
1107	30-34	0.24157438786469498
1107	35-39	0.11153863016604504
1107	40-44	0.25755411368169234
1107	45-49	0.0319917119385309
1107	50-54	0.12349297604966836
1107	55-59	-0.05057956506522743
1107	60-64	0.06034983288195406
1107	65-69	0.13793908205622785
1107	70-74	0.15673029610371714
1107	75-79	0.12382477014563875
1107	80-84	0.004464566970476369
1107	85-89	0.22252474264625732
1107	90-94	0.36846839360441663
1107	95-99	0.11791170887451585
1107	100-104	0.3220327279050679
1107	105-109	0.38864692234937337
1107	110-114	0.13599964650982344
1107	115-119	0.3360131610983075
1107	120-124	0.25720830141222706
1107	125-129	0.017533990262677435
1107	130-134	0.4327982804439898
1107	135-139	0.24234972926820575
1107	140-144	0.35065427345851674
1107	145-149	0.564559732784403
1107	150-151	0.5423661667510835
1108	1	0.08976942295416279
1108	2	0.11742643147278642
1108	3	0.11365418801744198
1108	4	0.05131729248476091
1108	5	0.03883819330889793
1108	6	-0.28880283040774657
1108	7	-0.15471878284708396
1108	8	-0.42726213089765963
1108	9	0.1674747353006154
1108	10-14	0.03270010479804597
1108	15-19	-0.051131797376903876
1108	20-24	0.1779614517966408
1108	25-29	0.02448848986671237
1108	30-34	0.24919739351980041
1108	35-39	0.20190852306761542
1108	40-44	0.20448890200235326
1108	45-49	0.24447913964646517
1108	50-54	0.15468699491481885
1108	55-59	0.25209667870620933
1108	60-64	0.2944631540797431
1108	65-69	0.28069797188367573
1108	70-74	0.23288574065082202
1108	75-79	0.2630476336911798
1108	80-84	0.37517843862553235
1108	85-89	0.44353931229263566
1108	90-94	0.312593435814307
1108	95-99	-0.05189831410653056
1108	100-104	0.19429411432747656
1108	105-109	0.2044683131148446
1108	110-114	0.25921687194598775
1108	115-119	0.17459225171216985
1108	120-124	0.431212024532023
1108	125-129	0.14859687781547137
1108	130-134	0.49019717468176793
1108	135-139	0.2565240073619748
1108	140-144	0.4035227169143738
1108	145-149	0.4022809713761646
1108	150-151	0.3035876047011534
1109	1	0.0940720644558013
1109	2	0.05725170513513689
1109	3	-0.04846843033305959
1109	4	0.10884143724403117
1109	5	0.1139369172781457
1109	6	-0.14286072128425076
1109	7	-0.10102833054097005
1109	8	0.09813179989579623
1109	9	0.22922648971376702
1109	10-14	0.23482160310793176
1109	15-19	-0.14786002821836064
1109	20-24	0.027361169829134724
1109	25-29	-0.0780558509649083
1109	30-34	-0.1357464875514509
1109	35-39	0.01482055220596834
1109	40-44	0.09093961078303892
1109	45-49	0.008135467390566475
1109	50-54	0.04323376815633395
1109	55-59	0.04320521306644309
1109	60-64	0.3140196214254374
1109	65-69	0.16147312016526882
1109	70-74	0.1580478729552155
1109	75-79	0.1935389697087757
1109	80-84	0.25945525096214794
1109	85-89	0.29664213226645586
1109	90-94	0.3731548438445884
1109	95-99	0.22737038697284362
1109	100-104	0.29612730619020056
1109	105-109	0.2971434589577697
1109	110-114	0.3518932067769356
1109	115-119	0.39621690129699516
1109	120-124	0.4734979641794226
1109	125-129	0.138656975344702
1109	130-134	0.573864350891256
1109	135-139	0.45145700651289644
1109	140-144	0.46505634951699903
1109	145-149	0.592342021795389
1109	150-151	0.31486222630887184
1110	1	-0.053483458660814165
1110	2	-0.07614173239354471
1110	3	-0.1048494278968235
1110	4	-0.03860266917191524
1110	5	0.04754113419291883
1110	6	-0.343355765314584
1110	7	0.16923568556939017
1110	8	-0.16270686098052067
1110	9	-0.2075441179523665
1110	10-14	-0.25984858686999246
1110	15-19	-0.4256923071018264
1110	20-24	0.0675433955754059
1110	25-29	-0.08355690541477401
1110	30-34	0.02191184857421291
1110	35-39	0.05464414653009442
1110	40-44	0.23014563648334274
1110	45-49	0.22109795503804008
1110	50-54	-0.3180417086680549
1110	55-59	0.1312835570101356
1110	60-64	0.3420510705215918
1110	65-69	0.1973610958630161
1110	70-74	0.1692654743802109
1110	75-79	0.27407923884959473
1110	80-84	-0.06871434827284162
1110	85-89	0.2692913527654639
1110	90-94	0.370556747087214
1110	95-99	-0.0389171237789796
1110	100-104	-0.001435573059353601
1110	105-109	-0.023513311327462816
1110	110-114	-0.275146986833569
1110	115-119	-0.03794986632693309
1110	120-124	-0.06141397848135455
1110	125-129	-0.31106808297308675
1110	130-134	-0.12944814899388035
1110	135-139	-0.2937818977017983
1110	140-144	-0.06952607749796158
1110	145-149	0.26143336746120127
1110	150-151	0.3494888979504651
1111	1	0.04363347832334341
1111	2	-0.16076598946531107
1111	3	-1.7954378016327155E-5
1111	4	-0.01514252981254316
1111	5	-0.0063587065176591295
1111	6	0.20097107241834777
1111	7	0.1502878477318461
1111	8	0.07577080884281173
1111	9	-0.07239076548705015
1111	10-14	0.1590036988846748
1111	15-19	-0.10086898678558498
1111	20-24	0.11379977065723779
1111	25-29	0.08383373544204176
1111	30-34	0.16438377880177768
1111	35-39	0.06263260434316464
1111	40-44	0.1873789945777773
1111	45-49	0.25699538144250766
1111	50-54	0.22107366758051938
1111	55-59	0.22849309920908922
1111	60-64	0.1645189859296181
1111	65-69	0.0033529325078944794
1111	70-74	0.11532175880543605
1111	75-79	0.14226745853789424
1111	80-84	0.14950632174188883
1111	85-89	0.077433698819803
1111	90-94	0.011179640494773935
1111	95-99	0.1525069232722842
1111	100-104	0.25637403882689114
1111	105-109	0.11778463559431174
1111	110-114	0.30768626374290164
1111	115-119	0.16096701725673768
1111	120-124	0.31800530943691285
1111	125-129	0.49653082731132514
1111	130-134	0.57540759873649
1111	135-139	0.6314457321354681
1111	140-144	0.37579657747767925
1111	145-149	0.3172953320155898
1111	150-151	0.6149859331236733
1112	1	0.035227983114609174
1112	2	0.03732914452031366
1112	3	-0.02029725274047678
1112	4	0.029783145627753527
1112	5	0.02894015595594368
1112	6	0.1951112860568074
1112	7	0.36911965744396724
1112	8	0.26061633844194176
1112	9	0.15938716428593835
1112	10-14	0.24023086533721738
1112	15-19	0.22640458780176687
1112	20-24	0.003805503794978904
1112	25-29	-0.14046286709395162
1112	30-34	0.006341153171455005
1112	35-39	-0.024813525912271928
1112	40-44	-0.08925608160366494
1112	45-49	-0.0641618199666496
1112	50-54	-0.008323008248495967
1112	55-59	-0.04196936220726144
1112	60-64	0.016655896249780255
1112	65-69	0.07221132507711303
1112	70-74	-0.14109725451584154
1112	75-79	-0.08266974694323892
1112	80-84	0.03896762558669309
1112	85-89	0.17106552289732235
1112	90-94	0.05143296121959651
1112	95-99	-0.007956908791300066
1112	100-104	0.08210113317200296
1112	105-109	-0.09012653397941506
1112	110-114	0.15646815746308818
1112	115-119	0.22922552679636965
1112	120-124	0.1428917731727708
1112	125-129	0.05978975732055858
1112	130-134	0.0027247684828282104
1112	135-139	0.3163371663178012
1112	140-144	0.261140067654658
1112	145-149	0.16446815581308982
1112	150-151	-0.1164646724209284
1113	1	-0.06038291016566433
1113	2	-0.270365301033074
1113	3	-0.00809503248039789
1113	4	0.016537164621610145
1113	5	-0.04801915329269235
1113	6	0.12213745404610421
1113	7	0.10945927379932385
1113	8	0.23230460485000037
1113	9	0.10226258639318075
1113	10-14	0.10761238014884356
1113	15-19	0.14211414039170478
1113	20-24	0.03848370976926674
1113	25-29	-0.051550931065875716
1113	30-34	0.08713238033769954
1113	35-39	0.10435664919046417
1113	40-44	0.16417232977663332
1113	45-49	0.20847760063148257
1113	50-54	0.17549248142469764
1113	55-59	0.15230460937307555
1113	60-64	0.03543800643009121
1113	65-69	0.09117688367869903
1113	70-74	0.12982024310004192
1113	75-79	0.15098561951649714
1113	80-84	0.09606849996497147
1113	85-89	-0.2910363047483244
1113	90-94	-0.16881125345540227
1113	95-99	0.14800631206875892
1113	100-104	0.10405907206038023
1113	105-109	0.04618473329061601
1113	110-114	0.22246288231930578
1113	115-119	0.21884585597440775
1113	120-124	0.36836358806668557
1113	125-129	0.19310575445721412
1113	130-134	0.1530363023687542
1113	135-139	0.3329334450907879
1113	140-144	0.4651337783975791
1113	145-149	0.26699591073468554
1113	150-151	0.19074948685932114
1114	1	0.05141363793646292
1114	2	0.036190688266337645
1114	3	0.05261533041411326
1114	4	-0.03036743235326611
1114	5	0.030385626070973615
1114	6	0.21895166799778565
1114	7	0.1931277190524341
1114	8	0.15166467546606555
1114	9	0.22010162922226328
1114	10-14	0.2135943096294568
1114	15-19	0.3389057036512
1114	20-24	-0.00626869957132925
1114	25-29	0.025324402566987203
1114	30-34	0.006508948771354994
1114	35-39	0.019951975892695373
1114	40-44	-0.012271884916671638
1114	45-49	0.17905931942603814
1114	50-54	0.10222330938876922
1114	55-59	0.03807297164496504
1114	60-64	-0.2489338686773266
1114	65-69	0.12030608224968375
1114	70-74	-0.0838087243661576
1114	75-79	-0.12802738135923875
1114	80-84	0.16823090390616358
1114	85-89	-0.01863894487595985
1114	90-94	-0.0982490059602128
1114	95-99	0.024640906651335115
1114	100-104	-0.06609252370740393
1114	105-109	-0.09041514256210093
1114	110-114	0.09999171637952031
1114	115-119	-0.0472010979322377
1114	120-124	0.055612669211562604
1114	125-129	-0.21703089844951506
1114	130-134	-0.38191749386829343
1114	135-139	-0.003980084131960382
1114	140-144	0.08805223358490366
1114	145-149	-0.31468636197049094
1114	150-151	0.10333417435456838
2101	1	0.05429058679044374
2101	2	0.1856105881934198
2101	3	0.13649137635592012
2101	4	0.02372851051246272
2101	5	0.1307288703447398
2101	6	0.05122089313610445
2101	7	0.1649394657057499
2101	8	0.15070013608624322
2101	9	0.14002416933178097
2101	10-14	0.15768253188993953
2101	15-19	-0.03655697404204261
2101	20-24	0.010442674744673752
2101	25-29	0.17792490942052552
2101	30-34	0.16130242749660795
2101	35-39	0.05676846032612559
2101	40-44	0.12954941508695583
2101	45-49	0.1292758223282391
2101	50-54	0.23498148242361339
2101	55-59	0.1258161967585636
2101	60-64	0.09697576847739953
2101	65-69	0.18806674756778108
2101	70-74	0.11123693234511478
2101	75-79	0.029741687720196808
2101	80-84	0.11279377752863695
2101	85-89	0.27599903693253225
2101	90-94	0.08775118998865139
2101	95-99	-0.05691128284590263
2101	100-104	-0.014109771191712639
2101	105-109	0.05642116028348454
2101	110-114	0.040564992140197376
2101	115-119	0.05065250880429062
2101	120-124	0.011855671185834638
2101	125-129	0.05929577096599559
2101	130-134	0.1329281537950564
2101	135-139	0.24654704550695783
2101	140-144	0.2116470623421236
2101	145-149	0.19866383113815544
2101	150-151	0.18460796306243665
2102	1	-0.06711231866397327
2102	2	-0.03449596439295277
2102	3	-0.0849339756965648
2102	4	-6.590901015144368E-4
2102	5	0.011878634759334261
2102	6	-0.07578584658109833
2102	7	0.16900794870351632
2102	8	0.03278980851430191
2102	9	-0.0031332884589190257
2102	10-14	0.1489653376573159
2102	15-19	-0.0896320689429757
2102	20-24	-0.045367917517083356
2102	25-29	-0.17109829258620124
2102	30-34	-0.007336440078951512
2102	35-39	-0.040607204694495636
2102	40-44	-0.042644652609872935
2102	45-49	-0.07888456517466125
2102	50-54	-0.02227348587449285
2102	55-59	0.009825550930472104
2102	60-64	-0.050870197694862895
2102	65-69	-0.015708003817756833
2102	70-74	-0.02566037095684237
2102	75-79	0.02358860610765845
2102	80-84	0.009961479772982784
2102	85-89	0.12115452214403888
2102	90-94	-0.106061207457806
2102	95-99	-0.07448131540301262
2102	100-104	-0.37385313386383245
2102	105-109	-0.041188393722038086
2102	110-114	0.17253171273478074
2102	115-119	0.03168443033646895
2102	120-124	0.11550427117772699
2102	125-129	0.20649153818749966
2102	130-134	0.3060589843474091
2102	135-139	0.3661445265283447
2102	140-144	0.41477167854240804
2102	145-149	0.2441332682622246
2102	150-151	0.3941738590101771
2103	1	0.0701890648787753
2103	2	0.08235853035073148
2103	3	-0.036674055950378204
2103	4	0.05560380487054317
2103	5	-0.04456103184381277
2103	6	0.12928720081817602
2103	7	-0.3108994644361118
2103	8	-0.0719390121705814
2103	9	0.09673787815089696
2103	10-14	0.058511471057329345
2103	15-19	0.11735064820339858
2103	20-24	-0.06505990293916142
2103	25-29	0.14704223979836684
2103	30-34	-0.08475438263722168
2103	35-39	0.05483587380830812
2103	40-44	-0.3087844081461242
2103	45-49	0.044489645832392455
2103	50-54	-0.08389019891389182
2103	55-59	-0.270069860405286
2103	60-64	-0.20305936101873812
2103	65-69	-0.21022209129375113
2103	70-74	-0.2749708042963164
2103	75-79	-0.38976683417815394
2103	80-84	0.07375234453896695
2103	85-89	-0.03836184429043499
2103	90-94	-0.31860805989921914
2103	95-99	-0.2743939856412325
2103	100-104	-0.5813853317622488
2103	105-109	-0.2764508157744743
2103	110-114	-0.12303578338420351
2103	115-119	-0.7561140478434325
2103	120-124	-0.7560455337134044
2103	125-129	-0.7015106363346035
2103	130-134	-0.7646735401518967
2103	135-139	-1.1696238833373513
2103	140-144	-1.1657752902418466
2103	145-149	-1.655064688970711
2103	150-151	-2.0650685499143755
2104	1	-0.027929337499259077
2104	2	-0.0580490461623242
2104	3	0.024284033405272965
2104	4	0.020162104114440638
2104	5	0.03335432193361498
2104	6	-0.0741460208706215
2104	7	-0.020665446007370747
2104	8	-0.03853876173179316
2104	9	0.14204049749002934
2104	10-14	0.0016540340781929785
2104	15-19	0.14002310333021484
2104	20-24	-0.0720553075004986
2104	25-29	0.10352123400555513
2104	30-34	-0.013675189854168934
2104	35-39	-0.03139654987069207
2104	40-44	0.06896029452294528
2104	45-49	0.15409170856835885
2104	50-54	0.048351301427402404
2104	55-59	-0.012996048165909713
2104	60-64	-0.18750680578364154
2104	65-69	-0.3311460476310444
2104	70-74	-0.07240110065007599
2104	75-79	0.05472098953412541
2104	80-84	0.22063054510878288
2104	85-89	0.1913949315525727
2104	90-94	0.09123960138663989
2104	95-99	0.0853440049661387
2104	100-104	-0.03272611990667684
2104	105-109	-0.04421489058415773
2104	110-114	0.11615766817643447
2104	115-119	0.12086856944851121
2104	120-124	-0.0653127411924217
2104	125-129	0.051879021137366976
2104	130-134	0.09396677332957637
2104	135-139	-0.014939448645485243
2104	140-144	-0.06092752610358332
2104	145-149	0.03291100486715237
2104	150-151	-0.266090647259535
2105	1	-0.04505813986258289
2105	2	0.12720236845177624
2105	3	-0.049669715217198984
2105	4	-0.10956518930913006
2105	5	-0.023493688023840775
2105	6	-0.31473850887248744
2105	7	-0.6356986460927985
2105	8	-0.052147697236542
2105	9	-0.3211747715444915
2105	10-14	-0.5381475585622155
2105	15-19	-0.2524250622259956
2105	20-24	0.018968804621572133
2105	25-29	-0.18646658175664044
2105	30-34	0.05031627549465156
2105	35-39	0.0361834817725466
2105	40-44	0.12448529426854549
2105	45-49	-0.01676667524759523
2105	50-54	0.17571683702064433
2105	55-59	0.15067608702862145
2105	60-64	-0.21911020420751015
2105	65-69	-0.053032857796324606
2105	70-74	-0.14440052798999403
2105	75-79	-0.01550426015748485
2105	80-84	0.040284234640786565
2105	85-89	-0.015054328574201747
2105	90-94	0.2273808930344785
2105	95-99	0.12670417065798034
2105	100-104	0.05658326982106132
2105	105-109	0.16675166828515842
2105	110-114	0.06251914156829486
2105	115-119	0.0862912129433866
2105	120-124	-0.009543888712840953
2105	125-129	0.1875496399959502
2105	130-134	0.21880573938118886
2105	135-139	0.28991855001292777
2105	140-144	0.06398505021632417
2105	145-149	0.296745763464493
2105	150-151	0.4683379451136638
2106	1	-0.060292118394450256
2106	2	-0.0805067843263032
2106	3	-0.05373159882145018
2106	4	-0.08196322887228291
2106	5	-0.06464074479273307
2106	6	-0.057412588538767295
2106	7	0.21665006697605094
2106	8	0.12577076678044818
2106	9	-0.024074564156364886
2106	10-14	-0.1872946023845259
2106	15-19	0.0710537934360218
2106	20-24	-0.04397457483128164
2106	25-29	-0.18493074978607638
2106	30-34	-0.17106276791984953
2106	35-39	-0.1599713737300732
2106	40-44	-0.2692237652628293
2106	45-49	0.022918321400929642
2106	50-54	0.03805210933690972
2106	55-59	-0.2360390312936147
2106	60-64	-0.5878869448557182
2106	65-69	-0.27834505699841117
2106	70-74	-0.7405895782717664
2106	75-79	-0.18337966212926204
2106	80-84	-0.1883109927628297
2106	85-89	-0.1634781291159655
2106	90-94	-0.18121178348107492
2106	95-99	-0.1660158856411158
2106	100-104	-0.1390534585874903
2106	105-109	-0.2512056732423531
2106	110-114	-0.060873994927128194
2106	115-119	-0.2873816073683031
2106	120-124	-0.0022216062366879896
2106	125-129	0.3419851755459433
2106	130-134	-0.023157618375286404
2106	135-139	-0.21536872058887724
2106	140-144	-0.3447905031587055
2106	145-149	-0.08196572224152021
2106	150-151	0.314150417594778
2107	1	0.045143213030222284
2107	2	-0.20002227510700266
2107	3	-0.25698230627246943
2107	4	-0.06268012173407556
2107	5	-0.11608133629398054
2107	6	0.09961405715354488
2107	7	-0.7001722109057837
2107	8	-0.5685355591682111
2107	9	-0.4294424931209164
2107	10-14	-0.403991006674147
2107	15-19	-0.22846386200264845
2107	20-24	-0.055613511574122754
2107	25-29	-0.1053299558385703
2107	30-34	-0.10762397832723991
2107	35-39	-0.2564406533966874
2107	40-44	-0.0733324770065451
2107	45-49	-0.1443067695073239
2107	50-54	0.09910932147528229
2107	55-59	-0.06174422899230336
2107	60-64	0.08231273439385944
2107	65-69	0.09572770124862728
2107	70-74	-0.19884591674860275
2107	75-79	-0.06441713440905517
2107	80-84	-0.32523573428370156
2107	85-89	0.21733249679978428
2107	90-94	0.2905852876820916
2107	95-99	-0.09516007567469131
2107	100-104	-0.02710384083356132
2107	105-109	-0.1794496071016809
2107	110-114	-0.5528228129118062
2107	115-119	-0.20134705004114295
2107	120-124	-0.14681201076793116
2107	125-129	0.14289164995845738
2107	130-134	0.2017519033777333
2107	135-139	-0.6951632043508269
2107	140-144	-0.4195599185961427
2107	145-149	-0.5165047068957449
2107	150-151	-0.2638595039516112
2108	1	0.016380887683126844
2108	2	0.1173200990614589
2108	3	-0.04676347304503281
2108	4	-0.02039354264960025
2108	5	-0.14262814645477562
2108	6	-0.12475207941038491
2108	7	-0.7152511761860865
2108	8	-0.5302696779294891
2108	9	0.024424437895973483
2108	10-14	-0.3575293696372057
2108	15-19	-0.11096704143251657
2108	20-24	-0.10160033217660924
2108	25-29	0.06030905293438593
2108	30-34	-0.12429316552581327
2108	35-39	-0.11518595816036736
2108	40-44	0.11049884433166568
2108	45-49	0.2509436952601405
2108	50-54	0.16770607692585315
2108	55-59	0.018391137838619898
2108	60-64	0.16714061792842472
2108	65-69	0.1311669784047993
2108	70-74	0.24112513518934975
2108	75-79	0.04401815167697265
2108	80-84	-0.007626514798353412
2108	85-89	0.23582209766666296
2108	90-94	0.2368312648929347
2108	95-99	0.17490289982864482
2108	100-104	0.17320360597481255
2108	105-109	0.21249059996211628
2108	110-114	-0.027294606903240037
2108	115-119	0.13051200772304128
2108	120-124	0.26731643048530174
2108	125-129	0.13059840768670483
2108	130-134	0.14794391561050446
2108	135-139	-0.45373086170935295
2108	140-144	-0.3422061280247348
2108	145-149	-0.39204833499946545
2108	150-151	0.17041695170283688
2109	1	0.08483860285488731
2109	2	0.09520504826824094
2109	3	0.08931197064416807
2109	4	-0.03296955550809599
2109	5	-0.14327638005205756
2109	6	-0.0670166080616923
2109	7	-0.1493037916842539
2109	8	0.09709411832299963
2109	9	-0.07680280248917626
2109	10-14	-0.0066226285595263334
2109	15-19	-0.1544095501288112
2109	20-24	-0.11752778664436647
2109	25-29	-0.27319666035939605
2109	30-34	-0.22498426769469404
2109	35-39	-0.22459543519289582
2109	40-44	-0.06764036205456136
2109	45-49	-0.07131139229785788
2109	50-54	-0.19679908805701984
2109	55-59	-0.26237658710878264
2109	60-64	-0.214453627608286
2109	65-69	-0.17368178517204313
2109	70-74	-0.1108967850189373
2109	75-79	-0.1332033754599422
2109	80-84	-0.13528198711791362
2109	85-89	-0.06206423967053354
2109	90-94	-0.15794785372666098
2109	95-99	-0.17483056342420866
2109	100-104	-0.35256110603748425
2109	105-109	-0.21478432297521977
2109	110-114	-0.41252980211805124
2109	115-119	-0.47894920401560626
2109	120-124	-0.15294827109609344
2109	125-129	-0.2605239911095154
2109	130-134	-0.2496723124726401
2109	135-139	-0.9648783525538605
2109	140-144	-0.028863311005494552
2109	145-149	-0.37227140671805614
2109	150-151	-0.7805736278619726
2110	1	-0.13720971470018384
2110	2	0.033231591131176685
2110	3	0.07002105313711127
2110	4	5.962512312436274E-4
2110	5	0.03947909449154707
2110	6	-0.1710034579065436
2110	7	0.29980046797164306
2110	8	0.0720213302120456
2110	9	-0.7895751627505234
2110	10-14	-0.30005927943821575
2110	15-19	-0.667194873142158
2110	20-24	-0.14062237896555274
2110	25-29	0.1572348705999147
2110	30-34	-0.19291780176159534
2110	35-39	-0.0888700137073073
2110	40-44	-0.10324796903228162
2110	45-49	-0.5272985789784244
2110	50-54	-0.7669327149332759
2110	55-59	-0.04151606886782133
2110	60-64	0.22908547447798355
2110	65-69	0.12417423594642685
2110	70-74	0.1225655447851608
2110	75-79	0.05294057969885557
2110	80-84	-0.1150897911550075
2110	85-89	-0.06387513564153835
2110	90-94	0.15852534374711524
2110	95-99	-0.11663328788439031
2110	100-104	0.10349353043905296
2110	105-109	0.1140696497629321
2110	110-114	0.01989952764125036
2110	115-119	0.09840578113468723
2110	120-124	-0.051175558275133426
2110	125-129	-0.1439578138603892
2110	130-134	0.2598158325427491
2110	135-139	-0.016613194525376684
2110	140-144	0.06687608362217645
2110	145-149	0.45201575388355053
2110	150-151	0.11683631768855918
2111	1	-0.00656447022452511
2111	2	0.0673331517111464
2111	3	0.023817354863034268
2111	4	0.01066466216597206
2111	5	0.09317942248171818
2111	6	0.018726746791337234
2111	7	0.12073652931812973
2111	8	0.14082755480875875
2111	9	-0.10490661630802833
2111	10-14	0.24348673663236298
2111	15-19	-5.451457876972654E-4
2111	20-24	-0.15467382609587332
2111	25-29	0.05706033344432626
2111	30-34	-0.1304570367916753
2111	35-39	-0.23318476152270762
2111	40-44	-0.39146072896227224
2111	45-49	-0.5932294638953124
2111	50-54	-0.7060068033327127
2111	55-59	-0.5572693160660904
2111	60-64	-0.4012942791267946
2111	65-69	-0.27828858885899166
2111	70-74	-0.12301395252576697
2111	75-79	-0.21201743284342456
2111	80-84	-0.32684530565363445
2111	85-89	-0.5493644575795429
2111	90-94	-0.5544401711098885
2111	95-99	-0.0869822508944651
2111	100-104	-0.0183399936678299
2111	105-109	-0.15365333608649223
2111	110-114	0.08640452273897381
2111	115-119	-0.15675403142322608
2111	120-124	0.07847541614242459
2111	125-129	0.0757288642269387
2111	130-134	0.05811001755688494
2111	135-139	0.42075085608548335
2111	140-144	0.18425460663001303
2111	145-149	0.17238474160215134
2111	150-151	0.19685213184505201
2112	1	-0.08010500699151635
2112	2	0.012686590006225629
2112	3	-0.03772969731301856
2112	4	-0.09687907802918971
2112	5	-0.11830466911731463
2112	6	-0.004871584940531193
2112	7	0.26610640024894394
2112	8	0.22345152107805433
2112	9	-0.03121270203548221
2112	10-14	0.10385928582078918
2112	15-19	0.08549008967624872
2112	20-24	-0.26475773734766506
2112	25-29	-0.2717055943276918
2112	30-34	-0.2982545732438666
2112	35-39	-0.2505070622302057
2112	40-44	-0.4494765445158393
2112	45-49	-0.4916790597136895
2112	50-54	-0.5203799563312401
2112	55-59	-0.5100299568793076
2112	60-64	-0.26735642960909445
2112	65-69	-0.3769810247092309
2112	70-74	-0.22555132114769094
2112	75-79	-0.28250834894931387
2112	80-84	-0.3110120474745486
2112	85-89	-0.5182056357105083
2112	90-94	-0.4184788242144961
2112	95-99	-0.4331684106691469
2112	100-104	-0.445400086330892
2112	105-109	-0.3542446899187297
2112	110-114	-0.6366784765575417
2112	115-119	-0.11629392642127812
2112	120-124	-0.44872191435720055
2112	125-129	-0.6213400665809345
2112	130-134	-0.6040821037461299
2112	135-139	-0.13235063896606647
2112	140-144	-0.4961233310411117
2112	145-149	-0.37906985905824797
2112	150-151	-0.5349026459295771
2113	1	-0.08740334483305645
2113	2	0.048620681888884576
2113	3	-0.07421268293165895
2113	4	0.02764411665723543
2113	5	-0.07872471946190274
2113	6	-0.23519939237778686
2113	7	0.11879720941026761
2113	8	0.014094065432303182
2113	9	-0.01433682127010627
2113	10-14	-0.12315529231246813
2113	15-19	-0.07069736746803557
2113	20-24	-0.13467783083178375
2113	25-29	-0.35545202017991784
2113	30-34	-0.2709922833977032
2113	35-39	-0.10822300696074905
2113	40-44	-0.28337691999468007
2113	45-49	-0.21311502159268514
2113	50-54	-0.03214106832695762
2113	55-59	-0.10090990523011811
2113	60-64	-0.1297274032332325
2113	65-69	-0.2807061401187738
2113	70-74	-0.13746476039693079
2113	75-79	-0.3712618926418685
2113	80-84	-0.7413340835307451
2113	85-89	-1.224049118120213
2113	90-94	-0.6097471780121069
2113	95-99	-0.17555029737332717
2113	100-104	-0.2254537262166778
2113	105-109	-0.17151007388326178
2113	110-114	-0.6731463211313056
2113	115-119	-0.29077494975874174
2113	120-124	-0.34588223722789024
2113	125-129	-0.13009955016192976
2113	130-134	-0.6847372783457928
2113	135-139	0.11970073117783642
2113	140-144	-0.024057906441228738
2113	145-149	-0.3204396225295483
2113	150-151	0.03239142075949886
2114	1	-0.12527729993134074
2114	2	-0.09101073847222807
2114	3	-0.10012375268125595
2114	4	-0.21439947356953581
2114	5	-0.17665708706407912
2114	6	-0.19338005293274563
2114	7	-0.14527837081895711
2114	8	-0.041866021378851315
2114	9	0.06164578540778365
2114	10-14	0.024318175420937393
2114	15-19	0.01980928308709906
2114	20-24	-0.1950260309296752
2114	25-29	-0.31530010634196515
2114	30-34	-0.39626710387764064
2114	35-39	-0.32115171046086033
2114	40-44	-0.55736858982646
2114	45-49	-0.3150945764254658
2114	50-54	-0.2996128882931828
2114	55-59	-0.398028026406152
2114	60-64	-0.4431574478182654
2114	65-69	-0.667027841249471
2114	70-74	-0.39108207251418037
2114	75-79	-0.545614821166005
2114	80-84	-0.6959657730084317
2114	85-89	-1.1521458919325553
2114	90-94	-0.8927659646808763
2114	95-99	-0.550064861278706
2114	100-104	-0.5840018350055232
2114	105-109	-0.6341481502903008
2114	110-114	-0.7595115918305808
2114	115-119	-0.5145079504287438
2114	120-124	-0.6616471650801614
2114	125-129	-0.3507191392767055
2114	130-134	-1.69484054181887
2114	135-139	-0.19967226655248282
2114	140-144	-0.36119526391509993
2114	145-149	-0.5732484350660592
2114	150-151	-0.3771604199503926
>>END_MODULE
>>Per sequence quality scores	pass
#Quality	Count
2	1770.0
3	0.0
4	0.0
5	0.0
6	0.0
7	0.0
8	0.0
9	0.0
10	0.0
11	0.0
12	0.0
13	0.0
14	1.0
15	3.0
16	14.0
17	124.0
18	535.0
19	1339.0
20	2425.0
21	3856.0
22	5543.0
23	7820.0
24	10757.0
25	14095.0
26	18264.0
27	22997.0
28	27626.0
29	32991.0
30	39358.0
31	46962.0
32	55736.0
33	67954.0
34	85079.0
35	113783.0
36	183554.0
37	467416.0
38	72636.0
>>END_MODULE
>>Per base sequence content	warn
#Base	G	A	T	C
1	47.395516165600206	13.99831988932505	6.050896735651136	32.55526720942361
2	30.815821770861636	15.136532413956786	24.178057379839295	29.86958843534228
3	28.56523857259296	17.136582380073513	17.39429824150498	36.90388080582855
4	36.095444651595635	21.156200326653487	13.608584178853715	29.13977084289716
5	33.720336521796156	22.108289066476797	15.226002991721238	28.94537142000581
6	31.508164775761436	23.876386950099462	14.34074393302042	30.27470434111868
7	28.279182554330344	16.500217040319534	25.64315760874657	29.577442796603552
8	26.283973055771554	16.041153342889352	19.40801081766427	38.266862783674824
9	31.893138090732222	15.825127960102057	18.974788971228882	33.30694497793684
10-14	32.59956529478447	17.66322525037709	16.406561800279185	33.33064765455925
15-19	32.29909717472839	17.72869647770106	16.92299284547666	33.04921350209389
20-24	32.263074727450444	17.446715820833997	17.33021669680248	32.959992754913074
25-29	32.664302644769016	17.4835189886858	17.3493911940965	32.502787172448684
30-34	32.67627889837204	17.417829159601144	17.21043854636075	32.695453395666064
35-39	32.51123145967662	17.36928858232684	17.435561340256022	32.68391861774052
40-44	32.675356276776554	17.451570231860345	17.359359534325034	32.51371395703807
45-49	32.75432347520507	17.33868890969572	17.251100877461447	32.65588673763776
50-54	32.57029325908182	17.333267686935045	17.387347566162397	32.709091487820736
55-59	32.66260258716266	17.407866559353938	17.364301529080716	32.56522932440269
60-64	32.750551328511165	17.27859774530103	17.31456559218761	32.656285334000195
65-69	32.598834710643295	17.38337274333577	17.330303098746025	32.68748944727491
70-74	32.6616062330476	17.474615280616	17.32970012564174	32.534078360694664
75-79	32.75759837426061	17.32281334392122	17.24001457691151	32.67957370490666
80-84	32.575769445372615	17.306369637544105	17.377802434278788	32.74005848280449
85-89	32.711073234720054	17.33331383077815	17.35859750053324	32.59701543396855
90-94	32.765821110167316	17.23332171019306	17.278461113479587	32.72239606616004
95-99	32.64342796617346	17.245880794149794	17.34994391339864	32.76074732627811
100-104	32.772202723894104	17.25962828536799	17.34593881782963	32.622230172908274
105-109	32.79655381290155	17.198156916999515	17.259459474672013	32.74582979542692
110-114	32.66057885620987	17.21372780811915	17.366321406241095	32.75937192942989
115-119	32.762510055146876	17.251718727121006	17.337817637508728	32.647953580223394
120-124	32.81290566336807	17.156263920658734	17.248857651955518	32.781972764017674
125-129	32.642383911262215	17.201487955755628	17.342795329991027	32.81333280299113
130-134	32.752959785895925	17.20953729336364	17.3152010494858	32.722301871254636
135-139	32.78273310865372	17.13069978663263	17.23727675220571	32.849290352507936
140-144	32.635114503816794	17.124097746058993	17.378508514386375	32.86227923573784
145-149	32.75410565615744	16.978759152843804	17.386914366860744	32.880220824138014
150-151	35.19937306568943	7.170238680083978	19.45313096283651	38.177257291390085
>>END_MODULE
>>Per sequence GC content	warn
#GC Content	Count
0	1770.0
1	885.0
2	0.0
3	0.0
4	0.0
5	0.0
6	0.0
7	0.0
8	0.0
9	0.0
10	0.0
11	0.0
12	0.0
13	0.0
14	0.0
15	0.0
16	0.0
17	0.0
18	0.0
19	0.0
20	0.0
21	0.0
22	0.0
23	0.0
24	0.5
25	1.0
26	1.0
27	1.0
28	1.5
29	1.5
30	1.5
31	2.0
32	2.5
33	5.0
34	9.0
35	23.5
36	48.0
37	63.5
38	88.0
39	121.0
40	174.5
41	257.0
42	357.5
43	452.0
44	577.5
45	778.5
46	964.5
47	1208.5
48	1597.0
49	2183.5
50	3023.5
51	4057.5
52	5462.0
53	7466.5
54	10384.5
55	14261.0
56	19005.0
57	24783.0
58	32295.0
59	41314.5
60	51467.5
61	62266.0
62	72487.0
63	82043.0
64	89306.5
65	93504.0
66	95193.0
67	93488.0
68	88008.0
69	79873.0
70	70274.0
71	59209.5
72	47858.5
73	37818.0
74	29083.0
75	21605.0
76	15654.5
77	11213.0
78	7950.5
79	5705.5
80	4182.5
81	3126.5
82	2368.0
83	1811.5
84	1446.0
85	1126.0
86	881.0
87	685.5
88	489.0
89	338.5
90	252.5
91	171.5
92	101.5
93	55.0
94	34.0
95	16.0
96	7.5
97	2.5
98	2.0
99	1.5
100	1.5
>>END_MODULE
>>Per base N content	pass
#Base	N-Count
1	0.13799684712288268
2	0.13799684712288268
3	0.13799684712288268
4	0.13799684712288268
5	0.13799684712288268
6	0.13799684712288268
7	0.13799684712288268
8	0.13799684712288268
9	0.13799684712288268
10-14	0.13799684712288268
15-19	0.13799684712288268
20-24	0.13799684712288268
25-29	0.13799684712288268
30-34	0.13799684712288268
35-39	0.027638548373471426
40-44	0.0
45-49	0.0
50-54	0.0
55-59	0.0
60-64	0.0
65-69	0.0
70-74	0.0
75-79	0.0
80-84	0.0
85-89	0.0
90-94	0.0
95-99	0.0
100-104	0.0
105-109	0.0
110-114	0.0
115-119	0.0
120-124	0.0
125-129	0.0
130-134	0.0
135-139	0.0
140-144	0.0
145-149	0.0
150-151	0.0
>>END_MODULE
>>Sequence Length Distribution	warn
#Length	Count
35-39	2848.0
40-44	1499.0
45-49	1882.0
50-54	2326.0
55-59	2750.0
60-64	3476.0
65-69	4126.0
70-74	4829.0
75-79	5508.0
80-84	6259.0
85-89	7308.0
90-94	8275.0
95-99	8827.0
100-104	10331.0
105-109	10958.0
110-114	12187.0
115-119	12876.0
120-124	13857.0
125-129	15147.0
130-134	16196.0
135-139	17123.0
140-144	18010.0
145-149	77561.0
150-152	1018479.0
>>END_MODULE
>>Sequence Duplication Levels	pass
#Total Deduplicated Percentage	89.45080697792048
#Duplication Level	Percentage of deduplicated	Percentage of total
1	89.93877522912771	80.45096022851278
2	8.916336602542506	15.951470087683939
3	0.9657511902972572	2.5916166993593075
4	0.12569445154727998	0.4497388049420528
5	0.02198888586868252	0.09834617927495218
6	0.010077027123769587	0.05408389248957496
7	0.007572368956904965	0.04741481597507922
8	0.0041611976158131905	0.029777798778327084
9	0.003168737810818967	0.02551015388512852
>10	0.006212651108485145	0.06593388833125219
>50	0.0	0.0
>100	8.721933358563777E-5	0.013419164410096194
>500	0.0	0.0
>1k	1.7443866717127554E-4	0.2217282863575197
>5k	0.0	0.0
>10k+	0.0	0.0
>>END_MODULE
>>Overrepresented sequences	warn
#Sequence	Count	Percentage	Possible Source
NNNNNNNNNNNNNNNNNNNNNNNNNNNNNNNNNNN	1770	0.13799684712288268	No Hit
>>END_MODULE
>>Adapter Content	pass
#Position	Illumina Universal Adapter	Illumina Small RNA 3' Adapter	Illumina Small RNA 5' Adapter	Nextera Transposase Sequence	SOLID Small RNA Adapter
1	0.0	0.0	0.0	0.0	0.0
2	0.0	7.79643204084083E-5	0.0	0.0	7.79643204084083E-5
3	0.0	7.79643204084083E-5	0.0	0.0	1.559286408168166E-4
4	0.0	7.79643204084083E-5	0.0	0.0	1.559286408168166E-4
5	0.0	7.79643204084083E-5	7.79643204084083E-5	0.0	1.559286408168166E-4
6	7.79643204084083E-5	7.79643204084083E-5	7.79643204084083E-5	0.0	1.559286408168166E-4
7	7.79643204084083E-5	7.79643204084083E-5	7.79643204084083E-5	0.0	2.3389296122522488E-4
8	7.79643204084083E-5	7.79643204084083E-5	7.79643204084083E-5	0.0	3.118572816336332E-4
9	7.79643204084083E-5	7.79643204084083E-5	7.79643204084083E-5	0.0	3.118572816336332E-4
10-14	1.4033577673513493E-4	1.4033577673513493E-4	7.79643204084083E-5	0.0	3.898216020420415E-4
15-19	1.559286408168166E-4	1.559286408168166E-4	7.79643204084083E-5	0.0	4.521930583687682E-4
20-24	1.7152150489849828E-4	2.3389296122522488E-4	1.2474291265345328E-4	0.0	5.613431069405397E-4
25-29	4.833787865321314E-4	3.742287379603598E-4	2.183000971435432E-4	0.0	7.79643204084083E-4
30-34	0.0012786148546978962	4.98971650613813E-4	4.2100733020540484E-4	0.0	8.732003885741728E-4
35-39	0.0022921510200072043	6.237145632672664E-4	6.704931555123113E-4	0.0	0.0012162433983711695
40-44	0.0034616158261333283	6.237145632672664E-4	7.484574759207196E-4	0.0	0.0015436935440864843
45-49	0.0049117521857297225	6.86086019593993E-4	8.420146604108097E-4	0.0	0.001699622184903301
50-54	0.0071415317494102	7.79643204084083E-4	0.0010759076216360346	0.0	0.0019179222820468439
55-59	0.009714354322887673	7.79643204084083E-4	0.001091500485717716	0.0	0.0019802937383735708
60-64	0.01362816320738977	7.79643204084083E-4	0.001091500485717716	0.0	0.002027072330618616
65-69	0.018009758014342316	7.79643204084083E-4	0.001138279077962761	0.0	0.002183000971435432
70-74	0.022313388500886454	8.576075244924912E-4	0.0011694648061261245	0.0	0.0023857082044972935
75-79	0.027396662191514674	8.576075244924912E-4	0.0014813220877597576	0.0	0.0025416368453141103
80-84	0.0333219505425537	8.576075244924912E-4	0.001871143689801799	0.0	0.002744344078375972
85-89	0.04217869734094888	8.576075244924912E-4	0.001871143689801799	0.0	0.0030406084959279235
90-94	0.05081714404220052	8.576075244924912E-4	0.001871143689801799	0.0	0.0033680586416432387
95-99	0.05919051205406358	8.576075244924912E-4	0.001871143689801799	0.0	0.0036955087873585535
100-104	0.0709943101638966	9.667575730642628E-4	0.001871143689801799	0.0	0.004054144661237231
105-109	0.08197168647740048	0.001091500485717716	0.0018867365538834807	0.0	0.004366001942870864
110-114	0.09594289269458725	0.0011070933497993977	0.001995886602455252	0.0	0.004490744855524318
115-119	0.11106797085381845	0.0012630219906162145	0.002089443786945343	0.0	0.004787009273076269
120-124	0.1276899639648911	0.0013565791751063041	0.0022609652918438405	0.0	0.005020902234301494
125-129	0.1406164482886052	0.001434543495514713	0.002276558155925522	0.0	0.0053483523800168095
130-134	0.1495511594074088	0.0014969149518414392	0.002338929612252249	0.0	0.00555105961307867
135-139	0.1550710332923241	0.001559286408168166	0.002401301068578975	0.0	0.00572258111797717
140	0.15561678353518296	0.001559286408168166	0.0024168939326606573	0.0	0.005847324030630622
>>END_MODULE
