##FastQC	0.11.9
>>Basic Statistics	pass
#Measure	Value
Filename	ERR3077940_2.fastq
File type	Conventional base calls
Encoding	Sanger / Illumina 1.9
Total Sequences	289453
Sequences flagged as poor quality	0
Sequence length	35-151
%GC	65
>>END_MODULE
>>Per base sequence quality	pass
#Base	Mean	Median	Lower Quartile	Upper Quartile	10th Percentile	90th Percentile
1	32.94679274355422	34.0	33.0	34.0	32.0	34.0
2	32.88607131382297	34.0	33.0	34.0	32.0	35.0
3	32.965006408639745	34.0	33.0	34.0	32.0	35.0
4	32.989407606761716	34.0	33.0	34.0	32.0	35.0
5	33.06072142973125	34.0	33.0	34.0	32.0	35.0
6	34.32914497344992	34.0	34.0	37.0	33.0	37.0
7	34.41110301154246	34.0	34.0	37.0	33.0	37.0
8	34.37125198218709	34.0	34.0	37.0	33.0	37.0
9	34.4346301472087	35.0	34.0	37.0	33.0	37.0
10-14	35.475416043364554	36.2	35.6	37.4	34.6	37.4
15-19	36.97481870977326	38.0	38.0	38.0	37.0	38.0
20-24	37.05555789713702	38.0	38.0	38.4	36.0	38.4
25-29	37.17089544762016	38.0	38.0	39.0	36.0	39.0
30-34	37.133636894418096	38.0	38.0	39.0	36.0	39.0
35-39	37.12166502043442	38.0	38.0	39.0	36.0	39.0
40-44	37.04451302944759	38.0	38.0	39.0	36.0	39.0
45-49	36.93216691364931	38.0	38.0	39.0	36.0	39.0
50-54	36.86853802792325	38.0	38.0	39.0	36.0	39.0
55-59	36.786310073174604	38.0	38.0	39.0	35.6	39.0
60-64	36.69465126516749	38.0	38.0	39.0	34.4	39.0
65-69	36.60670248731081	38.0	38.0	39.0	34.0	39.0
70-74	36.48696747792404	38.0	38.0	39.0	34.0	39.0
75-79	36.41742244829842	38.0	38.0	39.0	33.2	39.0
80-84	36.329602646499644	38.0	38.0	39.0	32.6	39.0
85-89	36.17308880913786	38.0	38.0	39.0	32.0	39.0
90-94	36.022572687336435	38.0	38.0	39.0	31.0	39.0
95-99	35.87620198939593	38.0	37.8	39.0	30.4	39.0
100-104	35.71214804267135	38.0	37.0	39.0	29.6	39.0
105-109	35.521295208226675	38.0	37.0	38.8	27.6	39.0
110-114	35.338590444192256	38.0	37.0	38.0	26.4	39.0
115-119	35.12803788997096	38.0	37.0	38.0	25.8	39.0
120-124	34.924047130098046	38.0	37.0	38.0	25.2	39.0
125-129	34.66276152863601	37.6	36.8	38.0	24.4	39.0
130-134	34.41508568900859	37.0	36.2	38.0	24.0	38.4
135-139	34.14408300547056	37.0	35.4	38.0	24.0	38.0
140-144	33.89274185428821	37.0	35.0	38.0	24.0	38.0
145-149	33.60017045403616	37.0	34.2	37.0	15.6	38.0
150-151	31.47590550453074	35.5	29.0	37.0	13.5	37.5
>>END_MODULE
>>Per tile sequence quality	pass
#Tile	Base	Mean
1101	1	0.07375094848623576
1101	2	0.003577964972009795
1101	3	0.062009779899646844
1101	4	0.017686378777909795
1101	5	0.03199883084428734
1101	6	-0.0035922395215735037
1101	7	-0.040540313682605245
1101	8	-0.008997088766015793
1101	9	-0.06480714998308201
1101	10-14	0.021134912952078366
1101	15-19	0.04986894322661328
1101	20-24	0.09565223617640584
1101	25-29	0.08827868714553233
1101	30-34	-0.025740392188183137
1101	35-39	-0.08289000507276256
1101	40-44	0.0032446830885817235
1101	45-49	-0.027964251854186273
1101	50-54	0.0423744659913865
1101	55-59	-2.3317477513984386E-4
1101	60-64	-0.0261882086094829
1101	65-69	-0.0445726458582314
1101	70-74	-0.08595117978817512
1101	75-79	-0.10707608420912607
1101	80-84	0.037413736508447926
1101	85-89	-0.05892706703937023
1101	90-94	-0.04913937652397493
1101	95-99	0.05722071841685761
1101	100-104	0.1004069611079288
1101	105-109	-0.09940575830339071
1101	110-114	0.09108450692669834
1101	115-119	0.10076180879917018
1101	120-124	0.12224864121208157
1101	125-129	-0.0030260034694435944
1101	130-134	0.04068361068004123
1101	135-139	-0.08598424628338108
1101	140-144	0.09868139513299923
1101	145-149	0.09646784719488011
1101	150-151	-0.2639634408926952
1102	1	0.12411483430527426
1102	2	0.033535818611298396
1102	3	0.06863195068377337
1102	4	0.044334597347258864
1102	5	-0.008662400015090554
1102	6	0.07535169392604502
1102	7	-0.005538239721978755
1102	8	0.06452263996573748
1102	9	-0.012897220787806418
1102	10-14	0.09726116059167822
1102	15-19	0.06324381378535548
1102	20-24	0.09506804642786904
1102	25-29	-0.04417401059863124
1102	30-34	0.006832682291658898
1102	35-39	-0.13807265439983496
1102	40-44	-0.04482236093555514
1102	45-49	-0.07316014885705613
1102	50-54	-0.014299569711141658
1102	55-59	-0.09157634792716607
1102	60-64	0.013880994451838546
1102	65-69	-0.15933890281660723
1102	70-74	-0.029722153343861635
1102	75-79	-0.09933395971517456
1102	80-84	-0.04864631278324083
1102	85-89	-0.0713390790978039
1102	90-94	-0.05914925203869359
1102	95-99	-0.10222264161444627
1102	100-104	-0.028254058122058723
1102	105-109	-0.15131473320055022
1102	110-114	0.028310404869294814
1102	115-119	-0.08699332555169548
1102	120-124	-0.1176863656366649
1102	125-129	-0.15302562157145871
1102	130-134	-0.033505001081813646
1102	135-139	-0.009758217268021951
1102	140-144	-0.012915863253901705
1102	145-149	0.05573262153694003
1102	150-151	0.032691504854103215
1103	1	0.13108861773703495
1103	2	0.02055288827079238
1103	3	0.07356383853131376
1103	4	0.10376208312253965
1103	5	0.1151332733207866
1103	6	0.004457275107306202
1103	7	0.018620763715453847
1103	8	0.07089315832320864
1103	9	0.020197156899214974
1103	10-14	0.03584838429921433
1103	15-19	-0.029604165374571778
1103	20-24	0.09460619608852738
1103	25-29	-0.012779547710216832
1103	30-34	0.07565465054189247
1103	35-39	-0.04392636677344797
1103	40-44	0.011522639377453459
1103	45-49	0.027768364926394895
1103	50-54	0.09063019340413803
1103	55-59	0.043690030802643776
1103	60-64	0.027682894167597283
1103	65-69	0.07616363452093111
1103	70-74	0.1212689585427924
1103	75-79	0.02201938781795576
1103	80-84	0.10597083345620462
1103	85-89	0.012550629791988399
1103	90-94	-0.005317595445703205
1103	95-99	0.14662817956285323
1103	100-104	0.16975416005692523
1103	105-109	0.16334882551819874
1103	110-114	0.09344377307254348
1103	115-119	0.21410682763652034
1103	120-124	0.21476128846163078
1103	125-129	0.31985209637045386
1103	130-134	0.07774470677407663
1103	135-139	0.2898760108487721
1103	140-144	0.2747483289362407
1103	145-149	0.17754214811830593
1103	150-151	0.07156386733659659
1104	1	0.18756587004678948
1104	2	0.08421332308218155
1104	3	0.14091137557728217
1104	4	0.1839875268703537
1104	5	0.0981086768783399
1104	6	0.1161550064850303
1104	7	0.05996188923202084
1104	8	0.07155984390294634
1104	9	0.1558596343217431
1104	10-14	0.07297132868534106
1104	15-19	0.04218605089633343
1104	20-24	0.15236783471657844
1104	25-29	0.22048437467056203
1104	30-34	0.09912803512963819
1104	35-39	0.09065290402515558
1104	40-44	0.09418677971038392
1104	45-49	0.0505257018568841
1104	50-54	0.05120339577104005
1104	55-59	0.03651527846277958
1104	60-64	0.04134172968626615
1104	65-69	0.04840558381254567
1104	70-74	0.050622787245991674
1104	75-79	0.2145986446039032
1104	80-84	0.11292419215522642
1104	85-89	0.11450086614747335
1104	90-94	0.033930728231723606
1104	95-99	0.03227553795903759
1104	100-104	0.12916719602166182
1104	105-109	0.21210613496094055
1104	110-114	0.1775675008005848
1104	115-119	0.24329779060041545
1104	120-124	0.20292722175764766
1104	125-129	0.24732742093306825
1104	130-134	0.128912703308373
1104	135-139	0.2707253145872741
1104	140-144	0.23978726283702656
1104	145-149	0.25075546785792824
1104	150-151	0.36465268662824
1105	1	0.02413423808854276
1105	2	-0.04126434608422613
1105	3	0.03479364572255861
1105	4	0.08764573464559078
1105	5	0.12421470778002686
1105	6	-0.10788816996351613
1105	7	-0.042495347895702196
1105	8	0.007332591740237149
1105	9	-0.05161581387154257
1105	10-14	-0.06760511894584909
1105	15-19	-0.042593885399213605
1105	20-24	-0.022386555818243892
1105	25-29	-0.06856238915225532
1105	30-34	0.013199773475250254
1105	35-39	-0.02447441068854772
1105	40-44	-0.027826655891757923
1105	45-49	0.08303684763649244
1105	50-54	0.03617239701822683
1105	55-59	-0.012049138866444764
1105	60-64	-0.07257971668152408
1105	65-69	-0.03716915724078973
1105	70-74	0.0448290431913847
1105	75-79	0.031566154588581696
1105	80-84	-0.02546448285245617
1105	85-89	-0.024591964027173674
1105	90-94	-0.1250681541814842
1105	95-99	-0.0030452609740194703
1105	100-104	0.051105890429475664
1105	105-109	0.07045900611259981
1105	110-114	-0.11071426381395355
1105	115-119	0.06039785174920809
1105	120-124	0.12236370119524054
1105	125-129	0.18513101455724268
1105	130-134	0.12301696143764218
1105	135-139	0.034320969297269244
1105	140-144	0.1822257678931436
1105	145-149	0.2192571966701209
1105	150-151	0.21122226124844445
1106	1	0.21953496709786435
1106	2	-0.01249470760411242
1106	3	0.1252324080347691
1106	4	0.18609003236358745
1106	5	0.2299192509733743
1106	6	0.050170277409428365
1106	7	0.09008757013144475
1106	8	0.1974068493898571
1106	9	0.05800059697857307
1106	10-14	0.12945822165345078
1106	15-19	0.13270843639600116
1106	20-24	0.10633840144517137
1106	25-29	0.17199314127891796
1106	30-34	0.17679597828525573
1106	35-39	0.10845696237539926
1106	40-44	0.13318258999416344
1106	45-49	0.15465384083743317
1106	50-54	0.2192182288150306
1106	55-59	0.09462219048173637
1106	60-64	0.1153237653933985
1106	65-69	0.1022011492205408
1106	70-74	0.10358073761916842
1106	75-79	0.16213361254262537
1106	80-84	0.20326965133951802
1106	85-89	0.11473710107033952
1106	90-94	0.06063405525672039
1106	95-99	0.18225209292837974
1106	100-104	0.21934595948003022
1106	105-109	0.3110670293015545
1106	110-114	0.2539645048656709
1106	115-119	0.2917168954549467
1106	120-124	0.3143347664031637
1106	125-129	0.24106308315501224
1106	130-134	0.34173380675981946
1106	135-139	0.4785109877630944
1106	140-144	0.35239583718452394
1106	145-149	0.3388072953074541
1106	150-151	0.7244205772591528
1107	1	0.14030920804250968
1107	2	0.06288314025333364
1107	3	0.05993707301116302
1107	4	-0.07505636744289745
1107	5	0.05059852600719239
1107	6	0.022790530233770312
1107	7	-0.08385683001548472
1107	8	-0.0663833655377033
1107	9	0.007278945646810087
1107	10-14	0.048904552475271146
1107	15-19	0.03136153309100109
1107	20-24	0.014996604797644864
1107	25-29	0.04988292706806874
1107	30-34	0.07768740358023507
1107	35-39	0.1668940656223299
1107	40-44	0.06317066092742607
1107	45-49	0.19724751527944306
1107	50-54	0.19589781909309778
1107	55-59	0.1388360238396018
1107	60-64	0.1658267083821201
1107	65-69	0.21555694724990815
1107	70-74	0.12216653181471315
1107	75-79	0.2379528507111175
1107	80-84	0.35658612299616976
1107	85-89	0.2817293035243438
1107	90-94	0.1423479928636766
1107	95-99	0.10791285648891602
1107	100-104	0.22346997398260982
1107	105-109	0.2505909888450688
1107	110-114	0.05257098221271406
1107	115-119	0.13519289834940906
1107	120-124	0.12001741228343121
1107	125-129	0.24581234642609928
1107	130-134	0.15885570775814273
1107	135-139	0.10503158143610136
1107	140-144	0.17185135447684985
1107	145-149	0.2564722682221898
1107	150-151	0.08843569240258731
1108	1	0.2066518937259687
1108	2	0.1989765537793886
1108	3	0.1259953093359698
1108	4	0.14110641962580672
1108	5	0.14209135012564644
1108	6	0.05688967733153305
1108	7	0.2185155133033021
1108	8	0.0724439719182115
1108	9	-0.002658948090399349
1108	10-14	0.11588675878576282
1108	15-19	0.15447228554427284
1108	20-24	0.11374761352283969
1108	25-29	0.09652477500804224
1108	30-34	0.1101913158735286
1108	35-39	0.07646607433715502
1108	40-44	-0.03484073721854486
1108	45-49	0.006842776112968352
1108	50-54	0.04316367248745934
1108	55-59	0.04774552677986321
1108	60-64	0.024862274494964254
1108	65-69	0.05167229305133958
1108	70-74	-0.004939782835144513
1108	75-79	0.1488123864448383
1108	80-84	0.023774681950733623
1108	85-89	-0.05227489552043352
1108	90-94	0.04213303035098903
1108	95-99	0.057657531192901956
1108	100-104	0.0624538041579612
1108	105-109	0.1441408027921156
1108	110-114	0.12634017149468946
1108	115-119	0.14550044529453743
1108	120-124	0.09031927326404343
1108	125-129	0.10246503856799194
1108	130-134	0.047191284606334705
1108	135-139	0.04519361472328853
1108	140-144	-0.057116621061979345
1108	145-149	0.11501394726896308
1108	150-151	0.03140169781397262
1109	1	-0.15781088445808678
1109	2	-0.10045778422502849
1109	3	-0.07212950631337378
1109	4	-0.06462455145928203
1109	5	-0.15546501099743892
1109	6	-0.05690682048592777
1109	7	-0.039712416541348716
1109	8	-0.09419069700109617
1109	9	-0.028200131809242635
1109	10-14	-0.13835797511224257
1109	15-19	-0.14731022169448948
1109	20-24	-0.1265892703968987
1109	25-29	-0.09376891195276471
1109	30-34	-0.1087355843999589
1109	35-39	0.02660309547510309
1109	40-44	-0.11302263905413668
1109	45-49	-0.059331591986534704
1109	50-54	-0.06772485860987842
1109	55-59	-0.10234562835778149
1109	60-64	-0.06795431758899184
1109	65-69	-0.0858165389081833
1109	70-74	-0.10186080335242309
1109	75-79	-0.20152279811647134
1109	80-84	-0.1362403766772431
1109	85-89	-0.09176330372392272
1109	90-94	-0.07902864501817675
1109	95-99	-0.04796150177372027
1109	100-104	-0.23614346010017329
1109	105-109	-0.1704231562555023
1109	110-114	-0.1464153224059288
1109	115-119	-0.09141431554282065
1109	120-124	-0.11419896614644642
1109	125-129	-0.04322453910026525
1109	130-134	-0.19532414305225387
1109	135-139	-0.09282527089955295
1109	140-144	-0.08588155141463005
1109	145-149	-0.150898099790588
1109	150-151	-0.1751780327966337
1110	1	0.19086689528203493
1110	2	0.3508194964584703
1110	3	0.16188328310536804
1110	4	0.2450056325481711
1110	5	0.18673674846566257
1110	6	0.1895535321411188
1110	7	0.09810957027754341
1110	8	0.14396545141491401
1110	9	0.1093779222896103
1110	10-14	0.19711526310773309
1110	15-19	0.28663961734488197
1110	20-24	0.1781250135687671
1110	25-29	0.12790857576754178
1110	30-34	0.17638084757253125
1110	35-39	0.20947425789059082
1110	40-44	0.10463412629575686
1110	45-49	0.10442541193775412
1110	50-54	0.08474664928785103
1110	55-59	0.0031136643623597138
1110	60-64	0.04389213315140239
1110	65-69	0.22710986955599566
1110	70-74	0.23141151032697138
1110	75-79	0.14995810009264687
1110	80-84	0.21409856659060011
1110	85-89	0.20991035535787006
1110	90-94	0.2551402291813787
1110	95-99	0.297756084918376
1110	100-104	0.18547358661237467
1110	105-109	0.3191744657608666
1110	110-114	0.37510701514438693
1110	115-119	0.1742272574084538
1110	120-124	0.14721119852421793
1110	125-129	0.17229416178750512
1110	130-134	0.2947188012260966
1110	135-139	0.14132402871010896
1110	140-144	0.13323461692633742
1110	145-149	-0.21932463976862238
1110	150-151	0.3242942551595256
1111	1	0.10543257467182343
1111	2	-0.006418428916127539
1111	3	0.11134426790820129
1111	4	0.1016907996372467
1111	5	0.11410127499676292
1111	6	0.09913788392255896
1111	7	0.044650257189182696
1111	8	-0.0026355836954223832
1111	9	0.07880063454229003
1111	10-14	0.12453320126296319
1111	15-19	0.10262824829917605
1111	20-24	0.07469236293888315
1111	25-29	0.08826483823712294
1111	30-34	0.10418844780387104
1111	35-39	0.15142980680614215
1111	40-44	0.1600847439023383
1111	45-49	0.21713668685772092
1111	50-54	0.15763050728828887
1111	55-59	0.15981843142351693
1111	60-64	0.15573737988692216
1111	65-69	0.22342238148863913
1111	70-74	0.09508102599085788
1111	75-79	0.19672232598586703
1111	80-84	0.23527804649689443
1111	85-89	0.26263652727372744
1111	90-94	0.33712376378034037
1111	95-99	0.19108342899086495
1111	100-104	0.169230593991486
1111	105-109	0.06282147532825633
1111	110-114	0.18592126407042997
1111	115-119	-0.16558157339316182
1111	120-124	0.10605390067598819
1111	125-129	0.343118781453299
1111	130-134	0.16679340777615437
1111	135-139	0.25052397506821933
1111	140-144	0.3832953304269182
1111	145-149	-0.183233434004606
1111	150-151	0.01733971570819648
1112	1	0.10135169097576124
1112	2	0.07860593184229714
1112	3	0.06395952069880906
1112	4	0.07040789932870695
1112	5	0.019981898977576407
1112	6	0.06228870807009912
1112	7	0.11372388413580126
1112	8	0.021093322743986676
1112	9	0.043730773798813516
1112	10-14	-0.043704820118705356
1112	15-19	-0.10668712637826161
1112	20-24	-0.0530840494703142
1112	25-29	-0.11918802610318124
1112	30-34	-0.1067848533362934
1112	35-39	-0.12905297522945602
1112	40-44	-0.15443408109779
1112	45-49	-0.15939713269883526
1112	50-54	-0.024431703633339907
1112	55-59	-0.072508281469986
1112	60-64	-0.12489488233724444
1112	65-69	-0.16616069377192133
1112	70-74	-0.0648496810696102
1112	75-79	-0.048231488510616316
1112	80-84	-0.16409070597887165
1112	85-89	0.04263614544166927
1112	90-94	-0.072110744073548
1112	95-99	-0.1230385868875743
1112	100-104	-0.1132359431455967
1112	105-109	-0.13110566635262444
1112	110-114	-0.1970710611942721
1112	115-119	-0.1255141857417712
1112	120-124	-0.08926832853052957
1112	125-129	0.00700504972382987
1112	130-134	-0.13453973826129584
1112	135-139	-0.20121105375844905
1112	140-144	-0.07636025129226454
1112	145-149	-0.09190358908144702
1112	150-151	-0.20050181110705623
1113	1	0.21417087838761972
1113	2	0.18472181202501048
1113	3	0.033445352757759395
1113	4	0.16987497071504976
1113	5	0.1525840174802937
1113	6	-0.04406663492321883
1113	7	0.06687835251184993
1113	8	0.16369342645615603
1113	9	0.17111342876427926
1113	10-14	0.13203346849839193
1113	15-19	0.09038895013093651
1113	20-24	0.08541612063084614
1113	25-29	0.08401499542205215
1113	30-34	0.20661730215930163
1113	35-39	0.26983091550617644
1113	40-44	0.2862331360545838
1113	45-49	0.31115636608996056
1113	50-54	0.20189539250044675
1113	55-59	0.13556155845299145
1113	60-64	0.23976140351154385
1113	65-69	0.2833440553295361
1113	70-74	0.26395841567254763
1113	75-79	0.2443701221955763
1113	80-84	0.2577399907219018
1113	85-89	0.22806718982928942
1113	90-94	0.3692194132344184
1113	95-99	0.3753133144944698
1113	100-104	0.228196853026148
1113	105-109	0.1451795650319383
1113	110-114	0.1522370116377445
1113	115-119	0.218892356856621
1113	120-124	0.15561007492269852
1113	125-129	0.30569434642398363
1113	130-134	0.10056130402723795
1113	135-139	0.2456914091836424
1113	140-144	0.29244978889122564
1113	145-149	0.2211213898708806
1113	150-151	0.3680955262009462
1114	1	0.024586341493147756
1114	2	8.573414803407786E-4
1114	3	0.041354763965323116
1114	4	-0.037046631895300663
1114	5	0.0679152994908847
1114	6	0.07618534222296347
1114	7	0.08618987835049552
1114	8	0.003379496387914571
1114	9	0.026099291828160176
1114	10-14	0.012512099451214453
1114	15-19	-0.0023929889723817155
1114	20-24	-0.04659319214298563
1114	25-29	-0.024487580302086087
1114	30-34	-0.04481866508234589
1114	35-39	-0.07843220636289772
1114	40-44	-0.025144776620237508
1114	45-49	-0.18704110491835024
1114	50-54	-0.07997649311106159
1114	55-59	0.0028144739840954003
1114	60-64	-0.06775549240917655
1114	65-69	-0.19292694097386232
1114	70-74	-0.08687089001688975
1114	75-79	-0.16655375959918928
1114	80-84	-0.23967812629297214
1114	85-89	-0.20425029244659498
1114	90-94	-0.1792075269508402
1114	95-99	-0.11841306342998337
1114	100-104	-0.22095223757573734
1114	105-109	-0.0860888064717713
1114	110-114	-0.12362092654316115
1114	115-119	-0.13493064400326915
1114	120-124	-0.1134558352840429
1114	125-129	-0.21825299861215086
1114	130-134	-0.12128887431317281
1114	135-139	-0.12386296170747357
1114	140-144	-0.24175989428594846
1114	145-149	-0.2636053050324847
1114	150-151	0.027181138422154305
2101	1	-0.14754713528550667
2101	2	-0.14717187415520527
2101	3	-0.25126824266675385
2101	4	-0.09702402563908663
2101	5	-0.11364925317306529
2101	6	-0.1775667061852957
2101	7	-0.0342724150496565
2101	8	-0.09532904178625046
2101	9	-0.10153526759951603
2101	10-14	-0.1628699598970158
2101	15-19	-0.11205602865135234
2101	20-24	-0.15725708069140865
2101	25-29	-0.18112424147606276
2101	30-34	-0.19280248662910537
2101	35-39	-0.08732781818776658
2101	40-44	-0.10904257709009357
2101	45-49	-0.1483669760649562
2101	50-54	-0.29167288217485066
2101	55-59	-0.14570512741091335
2101	60-64	-0.14615754307148165
2101	65-69	-0.22158726638429016
2101	70-74	-0.18045202778799307
2101	75-79	-0.2402570470359109
2101	80-84	-0.4673071859821718
2101	85-89	-0.4894882851158613
2101	90-94	-0.32631865417823036
2101	95-99	-0.43722545793728784
2101	100-104	-0.43351217687406063
2101	105-109	-0.5099109056529372
2101	110-114	-0.30167970715070425
2101	115-119	-0.29467531683013704
2101	120-124	-0.35578918483730604
2101	125-129	-0.509630798984432
2101	130-134	-0.3415781395382851
2101	135-139	-0.46929660211476687
2101	140-144	-0.54687635980072
2101	145-149	-0.4037395642536339
2101	150-151	-0.7510993702929234
2102	1	-0.014198098434583528
2102	2	-0.07245453747178487
2102	3	0.034300224669927104
2102	4	-3.4270235600786236E-4
2102	5	0.0014575307465349852
2102	6	0.012048034183216316
2102	7	0.06470162180126238
2102	8	-0.019700901082728706
2102	9	0.0024063153150564176
2102	10-14	-0.030834784017621075
2102	15-19	0.03220276531849464
2102	20-24	0.11903688915784016
2102	25-29	0.07096013875842999
2102	30-34	0.02789474955179827
2102	35-39	-0.018592939854272572
2102	40-44	0.06561957664452933
2102	45-49	0.0671787891373512
2102	50-54	0.04391037024159061
2102	55-59	0.09944376717145786
2102	60-64	-0.06100586087536186
2102	65-69	0.028085062310914566
2102	70-74	-0.045084597157035944
2102	75-79	0.06287168226808149
2102	80-84	0.06246951847730031
2102	85-89	0.036072673654494736
2102	90-94	0.11167685996431231
2102	95-99	0.15624622688630296
2102	100-104	0.1148149019206599
2102	105-109	0.20281290270789754
2102	110-114	0.13679374077669593
2102	115-119	0.026562326762523014
2102	120-124	0.05068802484682067
2102	125-129	0.10736311322871472
2102	130-134	0.2996640647281481
2102	135-139	0.14653577007265994
2102	140-144	-0.08725123688339664
2102	145-149	0.12799217795027573
2102	150-151	0.13850202458978345
2103	1	0.04905745429515207
2103	2	0.018116418784572375
2103	3	-0.05906511103709278
2103	4	1.9349635542198484E-4
2103	5	-0.022963883292128173
2103	6	-0.11070544157127671
2103	7	-0.11009915812413595
2103	8	0.025009170127852087
2103	9	0.08161854827538662
2103	10-14	0.0010726422285642911
2103	15-19	0.02708831974372572
2103	20-24	-0.023407159672281352
2103	25-29	0.0010298657845453363
2103	30-34	-0.027058200600798443
2103	35-39	0.05766657818934107
2103	40-44	0.07979751367483345
2103	45-49	0.11898853537690712
2103	50-54	0.12528941558357332
2103	55-59	0.04122684867970605
2103	60-64	0.13195514635432204
2103	65-69	0.09861566117620413
2103	70-74	0.05211519244041085
2103	75-79	0.14367736786951468
2103	80-84	0.06345632218044273
2103	85-89	0.21113577381842674
2103	90-94	0.12188499659176699
2103	95-99	-0.02639189125584096
2103	100-104	0.07294497627053431
2103	105-109	-0.07181733840788951
2103	110-114	0.09314245230528684
2103	115-119	0.12701738713464295
2103	120-124	-0.016512447681812148
2103	125-129	-0.020053245433658162
2103	130-134	0.1972782928249046
2103	135-139	-0.03654938285365006
2103	140-144	4.1655233547288617E-4
2103	145-149	0.050770602380126206
2103	150-151	0.38697276037954964
2104	1	0.016336540119631593
2104	2	0.021797470560343868
2104	3	-0.09831774721762088
2104	4	0.001489626961259205
2104	5	-0.05333664596029308
2104	6	-0.04016080115815157
2104	7	0.03764338886954022
2104	8	-0.030343471363856622
2104	9	-0.12396165657249014
2104	10-14	0.0434423244161124
2104	15-19	0.11821682154339896
2104	20-24	0.08001078474016055
2104	25-29	0.02773975723233235
2104	30-34	0.08901422746344423
2104	35-39	-0.004442490674989585
2104	40-44	-0.0035548560487086434
2104	45-49	-0.036093238388552606
2104	50-54	0.00828954037770302
2104	55-59	-0.07212856780558496
2104	60-64	0.049266178326959675
2104	65-69	-0.04172532303221743
2104	70-74	-0.056952373526492295
2104	75-79	-0.007798968884848989
2104	80-84	-0.01621581411655626
2104	85-89	0.023509056916019233
2104	90-94	-0.03982550118862349
2104	95-99	-0.14431300058216578
2104	100-104	-0.15768422022177475
2104	105-109	-0.2110402692161486
2104	110-114	-0.21914273263438133
2104	115-119	-0.14680666658438213
2104	120-124	-0.18413274207165387
2104	125-129	-0.32619327115174457
2104	130-134	-0.2444099123191279
2104	135-139	-0.15849515962563743
2104	140-144	-0.4420837810477707
2104	145-149	-0.16631310821604472
2104	150-151	-0.2624886062887981
2105	1	-0.15624853703107533
2105	2	-0.03386648079162313
2105	3	-0.047190159945458277
2105	4	-0.2436203676731452
2105	5	-0.08783902795791931
2105	6	-0.05610311291530223
2105	7	-0.26240701517579623
2105	8	-0.18144179177098607
2105	9	-0.051579008571579266
2105	10-14	-0.16955948037389845
2105	15-19	-0.07426484601754169
2105	20-24	-0.2085035966721236
2105	25-29	-0.2331483295276655
2105	30-34	-0.148092092553469
2105	35-39	-0.23251020673362888
2105	40-44	-0.3177439984049357
2105	45-49	-0.3686652588729231
2105	50-54	-0.23842607944456518
2105	55-59	-0.3907922657145164
2105	60-64	-0.29369409183912865
2105	65-69	-0.1954219151305736
2105	70-74	-0.13843807638563987
2105	75-79	-0.13269896413871152
2105	80-84	-0.21781768427108972
2105	85-89	-0.10685927067387269
2105	90-94	-0.20180646312861228
2105	95-99	-0.2486315395933616
2105	100-104	-0.03297981333773237
2105	105-109	-0.11597857328066397
2105	110-114	-0.11821205385388112
2105	115-119	-0.18959338834414297
2105	120-124	-0.1211751491755777
2105	125-129	-0.2588687806914791
2105	130-134	-0.3048155809557258
2105	135-139	-0.25124157212501075
2105	140-144	-0.2345390214735943
2105	145-149	0.024507635829891683
2105	150-151	-0.1061349860318117
2106	1	-0.005265017626506108
2106	2	0.036194452427203316
2106	3	0.00762724487194788
2106	4	-0.12692098518429162
2106	5	0.016293389332389552
2106	6	0.0564924786276606
2106	7	-0.07077817617853555
2106	8	-0.012125143506970915
2106	9	0.06986212339586473
2106	10-14	0.07042784224500309
2106	15-19	0.03869266430839957
2106	20-24	0.06921365683459868
2106	25-29	0.17873160340489846
2106	30-34	0.1762407091477627
2106	35-39	0.26526524469539225
2106	40-44	0.08039312530131326
2106	45-49	0.18866821711919357
2106	50-54	0.1640394073911864
2106	55-59	0.09272159816048031
2106	60-64	0.12473665363602748
2106	65-69	0.1654584697612549
2106	70-74	0.16183447767795656
2106	75-79	0.17804129088202103
2106	80-84	0.08096944610016976
2106	85-89	0.11122151795130009
2106	90-94	0.17295692028073972
2106	95-99	0.23382207475577133
2106	100-104	0.27241806543325
2106	105-109	0.3310998111145622
2106	110-114	0.18475053750013615
2106	115-119	0.21440784636126153
2106	120-124	0.28776002618096186
2106	125-129	0.24642790425925654
2106	130-134	0.11255013058809027
2106	135-139	0.16505826146186564
2106	140-144	0.3652918420724731
2106	145-149	0.14037327021209478
2106	150-151	-0.06927557831864206
2107	1	-0.023058949043338828
2107	2	0.002169105173820185
2107	3	0.04300271726617666
2107	4	0.030471298960215165
2107	5	0.04260387822925793
2107	6	0.07259426649647338
2107	7	0.1348357119625021
2107	8	0.15053601895675683
2107	9	0.15803008135652163
2107	10-14	0.114688414402913
2107	15-19	0.017985095032216236
2107	20-24	0.11987844888142973
2107	25-29	0.13725065373046874
2107	30-34	0.06387081075614276
2107	35-39	0.1356932597241638
2107	40-44	0.17800060363949655
2107	45-49	0.08519807154891623
2107	50-54	0.008108735581153326
2107	55-59	0.11112739610462796
2107	60-64	0.08735386668105605
2107	65-69	0.20366389983942668
2107	70-74	0.23977023689779742
2107	75-79	0.1471506771728528
2107	80-84	0.1483565466487633
2107	85-89	0.2004539423554803
2107	90-94	0.20521468440875168
2107	95-99	0.3695691602252822
2107	100-104	0.31073718908342585
2107	105-109	0.3903728647102227
2107	110-114	0.238780014011148
2107	115-119	0.331907889100421
2107	120-124	0.2834734705206614
2107	125-129	0.3138751961973938
2107	130-134	0.2613132699175651
2107	135-139	0.12798460358505537
2107	140-144	0.126239699816324
2107	145-149	0.15622550702840243
2107	150-151	0.37857137571922905
2108	1	-0.08474507718624125
2108	2	-0.009083023527558964
2108	3	-0.06994529325835686
2108	4	-0.13180850580886272
2108	5	-0.1518542222415178
2108	6	-0.02248051827362474
2108	7	-0.02565362388266834
2108	8	0.15619551325990244
2108	9	0.00799645475728994
2108	10-14	0.040898283711463534
2108	15-19	-0.1254366769125852
2108	20-24	-0.19682964470671038
2108	25-29	-0.07967316137436598
2108	30-34	-0.05714011100597105
2108	35-39	-0.10209665453742645
2108	40-44	-0.013993472623297976
2108	45-49	0.07202143860892818
2108	50-54	0.051954721706025
2108	55-59	0.07694487959405905
2108	60-64	0.04523218532207096
2108	65-69	0.01469380310455648
2108	70-74	0.01686686943065041
2108	75-79	-0.022478391692850153
2108	80-84	-0.06453702551285545
2108	85-89	-0.168974822170334
2108	90-94	-0.2494896295481439
2108	95-99	-0.1108946325402016
2108	100-104	-0.08448110474483173
2108	105-109	0.011820789614660043
2108	110-114	-0.13034288166138452
2108	115-119	0.07730566833384955
2108	120-124	-0.06942520896236459
2108	125-129	-0.10304169749914394
2108	130-134	-0.10431267250784515
2108	135-139	-0.037361753337293635
2108	140-144	0.013850053493825953
2108	145-149	0.2016129641115043
2108	150-151	0.09033254280596381
2109	1	-0.3970628369317737
2109	2	-0.1158693835492457
2109	3	-0.16778828079183938
2109	4	-0.08566833956223263
2109	5	-0.1326598972574402
2109	6	-0.07401618296342605
2109	7	-0.13602247617953367
2109	8	-0.12739702819295928
2109	9	0.07121527757921342
2109	10-14	0.04750185947791152
2109	15-19	0.04824298378920133
2109	20-24	-0.07083649713809592
2109	25-29	0.017031183114610826
2109	30-34	-0.06482496246409397
2109	35-39	-0.042618295329461375
2109	40-44	-0.011813373856632836
2109	45-49	-0.08042569071971428
2109	50-54	-0.18729193416066892
2109	55-59	0.020127138914077136
2109	60-64	-0.04910890207792562
2109	65-69	-0.052497185712489625
2109	70-74	-0.11713449074526494
2109	75-79	-0.20464679347582404
2109	80-84	0.02085574931441414
2109	85-89	-0.10568726393546513
2109	90-94	-0.20887744901670402
2109	95-99	-0.12600024338051696
2109	100-104	-0.16778672066542555
2109	105-109	-0.15616986322940107
2109	110-114	-0.21219549308879948
2109	115-119	-0.2922134377692487
2109	120-124	-0.33467643640314293
2109	125-129	-0.3241671313022394
2109	130-134	-0.27235070130803507
2109	135-139	-0.18622559631713642
2109	140-144	-0.1613427696193881
2109	145-149	-0.18953982932207225
2109	150-151	-0.29413218993897416
2110	1	-0.03688215992325894
2110	2	-0.06244240154945402
2110	3	-0.08539030931065383
2110	4	-0.16383380267963332
2110	5	-0.08889441100104278
2110	6	-0.00963481371322672
2110	7	-0.01584044939614415
2110	8	-0.07940963894680664
2110	9	-0.09258761672377602
2110	10-14	0.0031943421959681473
2110	15-19	0.009217328425293658
2110	20-24	0.03085727750734435
2110	25-29	0.012272841023808212
2110	30-34	0.04829523498868582
2110	35-39	0.07640902530774696
2110	40-44	0.1063020515417179
2110	45-49	0.2091529169645696
2110	50-54	0.23314237414505357
2110	55-59	0.1016101581238189
2110	60-64	0.2809184856750946
2110	65-69	0.23642884851518176
2110	70-74	0.15373125836968882
2110	75-79	0.1873948721155898
2110	80-84	0.09407977553319569
2110	85-89	0.275394697743117
2110	90-94	0.08570052422969354
2110	95-99	0.11241435211950801
2110	100-104	0.14564337224988577
2110	105-109	0.17481720216402863
2110	110-114	0.18448978841049524
2110	115-119	0.18511968112127164
2110	120-124	0.21832414419256452
2110	125-129	0.31370950187083224
2110	130-134	0.23271186829314416
2110	135-139	0.27999343974470037
2110	140-144	0.06506818797101488
2110	145-149	-0.2274067457872846
2110	150-151	-0.07096337747310599
2111	1	-0.004617009632752911
2111	2	-0.025105125130941985
2111	3	0.06979544993927078
2111	4	0.019635668522219873
2111	5	-0.03445701381762234
2111	6	0.021515876168194836
2111	7	0.10023459600955675
2111	8	-0.04159120470662714
2111	9	0.01623773059419875
2111	10-14	-0.06545280556512978
2111	15-19	-0.09604650010755478
2111	20-24	-0.14933480525940013
2111	25-29	-0.1253533202686654
2111	30-34	-0.15075975583507528
2111	35-39	-0.10769053036500509
2111	40-44	-0.16312741201161884
2111	45-49	-0.09260081363397177
2111	50-54	-0.33206719339762714
2111	55-59	-0.1934363104914567
2111	60-64	-0.23569151820930045
2111	65-69	-0.3727272136549189
2111	70-74	-0.5060292134805451
2111	75-79	-0.3952692387204664
2111	80-84	-0.37687831149624884
2111	85-89	-0.4147636218263955
2111	90-94	-0.24417631804138296
2111	95-99	-0.4225731173851415
2111	100-104	-0.46988705625301463
2111	105-109	-0.7984349776597099
2111	110-114	-0.7258927667265525
2111	115-119	-0.5521204043244836
2111	120-124	-0.596203763412781
2111	125-129	-0.7658724174112308
2111	130-134	-0.48637669565686537
2111	135-139	-0.435176814335243
2111	140-144	-0.33899864969919946
2111	145-149	-0.27708777745157676
2111	150-151	-0.4197834285320887
2112	1	-0.3367894308128072
2112	2	-0.002701672142272571
2112	3	-0.1026416330187061
2112	4	-0.03186729643432784
2112	5	-0.08813774145977504
2112	6	0.02064402272189625
2112	7	-0.08425969625031371
2112	8	-0.21019755819829555
2112	9	-0.154551062908439
2112	10-14	-0.13753487952860866
2112	15-19	-0.10413677622878481
2112	20-24	-0.06214983481542191
2112	25-29	-0.06834084022914766
2112	30-34	-0.12131131539566553
2112	35-39	-0.035334879606395475
2112	40-44	0.08779253455814029
2112	45-49	-0.030770920520318157
2112	50-54	0.017265020069842762
2112	55-59	0.17493045241032235
2112	60-64	0.17418455027508628
2112	65-69	0.16804912560643004
2112	70-74	0.1647482132953968
2112	75-79	0.11321886583833418
2112	80-84	0.159043505771713
2112	85-89	0.13042169726424646
2112	90-94	0.20792739333246146
2112	95-99	0.04598910497031028
2112	100-104	0.04457735776423277
2112	105-109	0.12303517874029524
2112	110-114	0.08705832348858422
2112	115-119	0.058636540094077816
2112	120-124	0.13308404383892736
2112	125-129	-0.04689641952282386
2112	130-134	0.020416359398090833
2112	135-139	-0.009595180648844348
2112	140-144	-0.030015060365983004
2112	145-149	0.07839612915447702
2112	150-151	-0.386117268207002
2113	1	-0.27847979084127417
2113	2	-0.09212152588877132
2113	3	-0.0853546981099953
2113	4	-0.11352642178972872
2113	5	-0.18514961211061376
2113	6	-0.21993394779876496
2113	7	-0.24107379647415428
2113	8	-0.13900592038775272
2113	9	-0.1544349009011583
2113	10-14	-0.30537146355429456
2113	15-19	-0.2664748408591109
2113	20-24	-0.15892643130548123
2113	25-29	-0.140226315553015
2113	30-34	-0.3130077601007102
2113	35-39	-0.2465380245546811
2113	40-44	-0.13608014394470302
2113	45-49	-0.3131977736608249
2113	50-54	-0.1950375113036813
2113	55-59	-0.007414077988912027
2113	60-64	-0.18114183052863808
2113	65-69	-0.1451362832219516
2113	70-74	-0.168743687465863
2113	75-79	-0.3474599736678883
2113	80-84	-0.12960054638399754
2113	85-89	-0.1399725399727103
2113	90-94	-0.11053655467545553
2113	95-99	-0.1452788578244011
2113	100-104	-0.09502827029300676
2113	105-109	-0.17240422116536536
2113	110-114	-0.0688272217846162
2113	115-119	-0.19207745287400257
2113	120-124	-0.09937879639108615
2113	125-129	-0.1402551935577634
2113	130-134	-0.12091714279065258
2113	135-139	-0.14373436410886598
2113	140-144	-0.033522643254706
2113	145-149	0.1166431110780266
2113	150-151	0.06568223773043158
2114	1	-0.16624802554828477
2114	2	-0.37557042668461094
2114	3	-0.21869722430966476
2114	4	-0.23204216785649123
2114	5	-0.2706695343652257
2114	6	-0.013219215573833765
2114	7	0.058396957078230116
2114	8	-0.039283019644443584
2114	9	-0.23899613852361767
2114	10-14	-0.1875937733276345
2114	15-19	-0.13813980027917694
2114	20-24	-0.15410936934556219
2114	25-29	-0.18154168339899712
2114	30-34	-0.09091598902934805
2114	35-39	-0.26084173158412227
2114	40-44	-0.2987176799128832
2114	45-49	-0.3169865781146015
2114	50-54	-0.3440040812062861
2114	55-59	-0.29266049694029306
2114	60-64	-0.3957839851684639
2114	65-69	-0.4277907178373823
2114	70-74	-0.2349563015614109
2114	75-79	-0.2671608733623074
2114	80-84	-0.289810113894184
2114	85-89	-0.3260850725900042
2114	90-94	-0.19583872769747046
2114	95-99	-0.3101508687311423
2114	100-104	-0.4597957802551704
2114	105-109	-0.2387527735071444
2114	110-114	-0.10744756072938344
2114	115-119	-0.3331307600983209
2114	120-124	-0.35727396374687714
2114	125-129	-0.23863093664695612
2114	130-134	-0.24472767831884568
2114	135-139	-0.3394517910988242
2114	140-144	-0.35087231494087945
2114	145-149	-0.45463948708392365
2114	150-151	-0.3217217743792844
>>END_MODULE
>>Per sequence quality scores	pass
#Quality	Count
2	342.0
3	0.0
4	0.0
5	0.0
6	0.0
7	0.0
8	0.0
9	0.0
10	0.0
11	0.0
12	0.0
13	14.0
14	190.0
15	1214.0
16	1994.0
17	1385.0
18	1061.0
19	1058.0
20	1022.0
21	1136.0
22	1337.0
23	1499.0
24	1597.0
25	1895.0
26	2065.0
27	2394.0
28	2698.0
29	3218.0
30	3480.0
31	4229.0
32	5132.0
33	6583.0
34	8820.0
35	13233.0
36	26144.0
37	150550.0
38	45163.0
>>END_MODULE
>>Per base sequence content	warn
#Base	G	A	T	C
1	49.23437710775446	12.283171515438706	5.848964584536735	32.63348679227009
2	31.504854536838796	14.491319942859318	24.041285181124206	29.962540339177686
3	28.65439225764499	17.010421602775406	16.67318088900111	37.662005250578495
4	37.09025253276423	20.664035612619376	12.71968205983169	29.5260297947847
5	34.60401022444667	21.76119206809841	14.7209895161374	28.913808191317518
6	32.025415843741676	23.393437122766	14.201119985057641	30.380027048434684
7	29.028642977956565	15.82160485073207	25.031216384018595	30.11853578729277
8	26.90419942513429	16.38540214658038	18.79624089017713	37.9141575381082
9	32.29036598399922	15.827139057317085	18.820107156075004	33.06238780260869
10-14	33.382472475969436	17.429637751590217	16.040067655675504	33.14782211676484
15-19	32.99832936138715	17.385087388580857	16.62012168336729	32.996461566664706
20-24	33.08452462894874	17.15396508607421	17.087692962218664	32.67381732275839
25-29	32.93371749950711	17.79316594664333	17.01346541639716	32.2596511374524
30-34	33.30395592004455	17.069914323564305	17.107201040430837	32.51892871596031
35-39	32.81060568315812	17.569295667048642	17.026638765715045	32.59345988407819
40-44	33.12821230269077	17.328860148088843	17.035549771688867	32.507377777531524
45-49	33.17702633918479	17.282602213262656	17.057087419575407	32.48328402797715
50-54	32.83806629151207	17.314042181971743	17.257574515788026	32.590317010728164
55-59	33.41287039008647	17.184179432259896	17.004020692160278	32.39892948549336
60-64	33.494519439950906	16.97209516371953	16.917777653818263	32.615607742511294
65-69	32.98967054641474	17.14358003387004	17.191386693673234	32.67536272604198
70-74	32.79022388985407	17.628759267422474	17.17000477256051	32.41101207016295
75-79	32.79071631352268	17.848148788708393	16.865560622230845	32.49557427553808
80-84	32.5667954615841	17.866538177451975	16.98766630523196	32.57900005573196
85-89	32.84408945189153	17.803982831377986	16.87516066371553	32.47676705301495
90-94	32.93327929119469	17.586662969046653	16.85396534192319	32.62609239783547
95-99	32.80426567494152	17.416887319799944	17.086907342822133	32.69193966243641
100-104	33.01605222442271	17.386167930411432	17.015974757143667	32.5818050880222
105-109	33.119124019408574	17.195775204190774	16.96585336320155	32.7192474131991
110-114	32.838476540426505	17.32742557587595	17.090018922983745	32.7440789607138
115-119	33.05479160718552	17.367500276769434	17.030060073533267	32.54764804251178
120-124	33.119750145758076	17.20721670929541	16.913283467958127	32.759749676988385
125-129	33.05110349655503	17.266718249143363	17.001142183412547	32.681036070889064
130-134	33.15570044361256	17.19165515983252	16.996471567119574	32.65617282943535
135-139	33.249770744282046	17.143399078197856	16.84073672482444	32.766093452695664
140-144	33.05037700764847	17.19033019009851	16.974445922119187	32.784846880133834
145-149	33.29461335937993	17.014728043530685	16.968248860651457	32.72240973643793
150-151	35.98327097020004	7.11005789970951	18.542002065801732	38.36466906428872
>>END_MODULE
>>Per sequence GC content	warn
#GC Content	Count
0	342.0
1	171.0
2	0.0
3	0.0
4	0.0
5	0.0
6	0.0
7	0.0
8	0.0
9	0.0
10	0.0
11	0.0
12	0.0
13	0.0
14	0.0
15	0.5
16	0.5
17	0.0
18	0.0
19	0.0
20	0.0
21	0.0
22	0.0
23	0.0
24	0.0
25	0.5
26	0.5
27	1.5
28	2.0
29	1.5
30	3.5
31	4.0
32	4.5
33	7.5
34	8.5
35	11.0
36	15.0
37	20.0
38	25.5
39	30.0
40	39.5
41	52.5
42	87.0
43	109.5
44	120.0
45	150.0
46	194.5
47	270.5
48	389.0
49	513.5
50	673.5
51	913.5
52	1257.0
53	1778.0
54	2424.0
55	3226.0
56	4181.5
57	5434.5
58	6986.5
59	8827.0
60	11070.0
61	13421.5
62	15669.5
63	17721.0
64	19365.0
65	20354.5
66	20715.5
67	20493.0
68	19590.5
69	17979.0
70	15906.0
71	13573.5
72	11150.5
73	8968.0
74	7029.0
75	5324.0
76	3951.5
77	2912.0
78	2185.0
79	1621.0
80	1206.0
81	959.0
82	771.0
83	619.5
84	522.0
85	459.0
86	374.5
87	294.0
88	259.0
89	227.0
90	173.5
91	145.0
92	135.0
93	102.5
94	68.5
95	61.0
96	45.5
97	23.5
98	16.0
99	9.0
100	4.0
>>END_MODULE
>>Per base N content	pass
#Base	N-Count
1	0.1181538971784711
2	0.1181538971784711
3	0.1181538971784711
4	0.1181538971784711
5	0.1181538971784711
6	0.1181538971784711
7	0.1181538971784711
8	0.1181538971784711
9	0.1181538971784711
10-14	0.1181538971784711
15-19	0.1181538971784711
20-24	0.1181538971784711
25-29	0.1181538971784711
30-34	0.1181538971784711
35-39	0.02366038628693822
40-44	0.0
45-49	0.0
50-54	0.0
55-59	0.0
60-64	0.0
65-69	0.0
70-74	0.0
75-79	0.0
80-84	0.0
85-89	0.0
90-94	0.0
95-99	0.0
100-104	0.0
105-109	0.0
110-114	0.0
115-119	0.0
120-124	0.0
125-129	0.0
130-134	0.0
135-139	0.0
140-144	0.0
145-149	0.0
150-151	0.0
>>END_MODULE
>>Sequence Length Distribution	warn
#Length	Count
35-39	564.0
40-44	311.0
45-49	435.0
50-54	490.0
55-59	575.0
60-64	633.0
65-69	740.0
70-74	847.0
75-79	943.0
80-84	1050.0
85-89	1133.0
90-94	1173.0
95-99	1216.0
100-104	1311.0
105-109	1400.0
110-114	1421.0
115-119	1545.0
120-124	1578.0
125-129	1696.0
130-134	1804.0
135-139	1905.0
140-144	1993.0
145-149	16865.0
150-152	247825.0
>>END_MODULE
>>Sequence Duplication Levels	pass
#Total Deduplicated Percentage	97.40598538827565
#Duplication Level	Percentage of deduplicated	Percentage of total
1	97.57223567224766	95.04119762192343
2	2.3266989919251215	4.532688160207481
3	0.09012081477368296	0.26334920301074577
4	0.008645854542144428	0.03368631924805108
5	8.032012246286935E-4	0.003911830337501382
6	7.6771475168563E-4	0.004486800713103248
7	3.7312475470918497E-4	0.0025441209083644765
8	0.0	0.0
9	0.0	0.0
>10	0.0	0.0
>50	0.0	0.0
>100	3.546257803826507E-4	0.11813594365132347
>500	0.0	0.0
>1k	0.0	0.0
>5k	0.0	0.0
>10k+	0.0	0.0
>>END_MODULE
>>Overrepresented sequences	warn
#Sequence	Count	Percentage	Possible Source
NNNNNNNNNNNNNNNNNNNNNNNNNNNNNNNNNNN	342	0.1181538971784711	No Hit
>>END_MODULE
>>Adapter Content	pass
#Position	Illumina Universal Adapter	Illumina Small RNA 3' Adapter	Illumina Small RNA 5' Adapter	Nextera Transposase Sequence	SOLID Small RNA Adapter
1	0.0	0.0	0.0	0.0	0.0
2	0.0	0.0	0.0	0.0	0.0
3	0.0	0.0	0.0	0.0	0.0
4	0.0	0.0	0.0	0.0	0.0
5	0.0	0.0	0.0	0.0	0.0
6	0.0	0.0	0.0	0.0	0.0
7	0.0	0.0	0.0	0.0	0.0
8	0.0	0.0	0.0	0.0	0.0
9	0.0	0.0	0.0	0.0	3.454792315159974E-4
10-14	0.0	0.0	0.0	0.0	3.454792315159974E-4
15-19	2.763833852127979E-4	2.763833852127979E-4	1.3819169260639896E-4	0.0	3.454792315159974E-4
20-24	9.673418482447928E-4	3.454792315159974E-4	3.454792315159974E-4	0.0	3.454792315159974E-4
25-29	0.0010364376945479923	3.454792315159974E-4	6.218626167287954E-4	0.0	3.454792315159974E-4
30-34	0.002832929698431179	3.454792315159974E-4	6.909584630319948E-4	0.0	3.454792315159974E-4
35-39	0.0065641053988039514	3.454792315159974E-4	6.909584630319948E-4	0.0	4.1457507781919687E-4
40-44	0.008913364173112734	3.454792315159974E-4	6.909584630319948E-4	0.0	6.909584630319948E-4
45-49	0.011469910486331114	3.454792315159974E-4	6.909584630319948E-4	0.0	0.0010364376945479923
50-54	0.016444811420161475	3.454792315159974E-4	6.909584630319948E-4	0.0	0.0017964920038831863
55-59	0.02369987528199742	3.454792315159974E-4	8.291501556383938E-4	0.0	0.0026256421595215805
60-64	0.03219866437729095	3.454792315159974E-4	0.0010364376945479923	0.0	0.002763833852127979
65-69	0.0398683033169461	3.454792315159974E-4	0.0010364376945479923	0.0	0.003040217237340777
70-74	0.049818105184606824	3.454792315159974E-4	0.0010364376945479923	0.0	0.003731175700372772
75-79	0.061357111517241145	3.454792315159974E-4	0.0010364376945479923	0.0	0.0038002715466759714
80-84	0.07337978877399785	3.454792315159974E-4	0.0010364376945479923	0.0	0.0038002715466759714
85-89	0.08941002511634014	3.454792315159974E-4	0.0010364376945479923	0.0	0.0038002715466759714
90-94	0.10461111130304401	3.454792315159974E-4	0.0010364376945479923	0.0	0.0038002715466759714
95-99	0.12057225179908311	3.454792315159974E-4	0.0010364376945479923	0.0	0.004214846624495169
100-104	0.13508237952275498	3.454792315159974E-4	0.0010364376945479923	0.0	0.004974900933830363
105-109	0.15173447848182606	3.454792315159974E-4	0.0013819169260639896	0.0	0.005182188472739962
110-114	0.16700466051483315	3.454792315159974E-4	0.0013819169260639896	0.0	0.005458571857952759
115-119	0.184278622090633	5.527667704255958E-4	0.0013819169260639896	0.0	0.005527667704255958
120-124	0.2026581172072841	8.982460019415934E-4	0.0013819169260639896	0.0	0.005527667704255958
125-129	0.21585542385119522	0.0010364376945479923	0.0016583003112767875	0.0	0.005527667704255958
130-134	0.2252524589484303	0.0010364376945479923	0.001865587850186386	0.0	0.005527667704255958
135-139	0.23416582312154305	0.0010364376945479923	0.0020728753890959847	0.0	0.005527667704255958
140	0.23492587743087825	0.0010364376945479923	0.0020728753890959847	0.0	0.005527667704255958
>>END_MODULE
