##FastQC	0.11.9
>>Basic Statistics	pass
#Measure	Value
Filename	ERR3077932_2.fastq
File type	Conventional base calls
Encoding	Sanger / Illumina 1.9
Total Sequences	855633
Sequences flagged as poor quality	0
Sequence length	35-151
%GC	65
>>END_MODULE
>>Per base sequence quality	pass
#Base	Mean	Median	Lower Quartile	Upper Quartile	10th Percentile	90th Percentile
1	30.842579704148857	32.0	32.0	33.0	29.0	33.0
2	30.874933528744215	32.0	32.0	33.0	29.0	33.0
3	31.132757852957987	32.0	32.0	33.0	29.0	34.0
4	31.433177542240657	33.0	32.0	33.0	29.0	34.0
5	31.372787164590427	33.0	32.0	33.0	29.0	34.0
6	32.3879630636032	33.0	32.0	37.0	20.0	37.0
7	32.48746366724986	34.0	32.0	37.0	29.0	37.0
8	32.340946410435315	33.0	32.0	37.0	19.0	37.0
9	32.21538323089455	33.0	32.0	37.0	18.0	37.0
10-14	34.01998380146628	35.6	33.8	37.4	30.4	37.4
15-19	35.32219818543698	38.0	36.0	38.0	31.2	38.0
20-24	34.56169642825837	38.0	35.4	38.0	19.4	38.4
25-29	35.19209450780884	38.0	36.0	38.0	30.0	39.0
30-34	34.77622461966755	38.0	35.4	38.0	22.4	39.0
35-39	34.63561253887277	38.0	35.4	38.0	20.0	39.0
40-44	35.13184626169483	38.0	36.0	38.0	29.4	39.0
45-49	35.04284919572596	38.0	36.0	38.0	25.0	39.0
50-54	34.70298474450591	38.0	36.0	38.0	21.8	39.0
55-59	34.862654080766994	38.0	36.0	38.0	27.0	39.0
60-64	34.584707640434885	38.0	35.2	38.0	21.0	39.0
65-69	34.656880986329064	38.0	34.8	38.0	22.8	39.0
70-74	34.220433740302454	38.0	34.0	38.0	16.6	39.0
75-79	33.68388871113098	38.0	33.6	38.0	15.6	39.0
80-84	33.79298802215588	37.8	33.8	38.0	15.8	39.0
85-89	33.47461318183089	37.6	33.2	38.0	15.0	39.0
90-94	32.92419413537705	37.0	31.8	38.0	14.2	39.0
95-99	32.999692674428545	37.0	32.0	38.0	14.2	39.0
100-104	32.37892682642826	36.8	30.6	38.0	14.0	39.0
105-109	31.94691568961875	36.8	30.0	38.0	13.6	39.0
110-114	32.2055021448583	37.0	30.8	38.0	13.6	39.0
115-119	31.331304657644306	36.0	27.4	38.0	13.0	38.8
120-124	30.87384495510248	35.0	26.0	38.0	13.0	38.0
125-129	30.81837343691356	35.0	26.0	38.0	13.0	38.0
130-134	30.186411213217372	34.6	25.2	37.2	12.6	38.0
135-139	29.50096185434204	33.2	24.0	37.0	12.0	38.0
140-144	29.09941540689207	33.0	24.0	37.0	12.0	38.0
145-149	28.34634201514853	32.4	20.4	37.0	12.0	37.4
150-151	25.874904654307667	28.0	14.0	35.0	12.0	37.0
>>END_MODULE
>>Per tile sequence quality	pass
#Tile	Base	Mean
1101	1	0.16569673816017882
1101	2	0.47177597950335937
1101	3	0.44741913255754895
1101	4	0.5309045380420372
1101	5	0.4298086149201339
1101	6	1.113020336245988
1101	7	1.017949046095417
1101	8	1.1582250831555143
1101	9	1.415676814038335
1101	10-14	0.6124155646855414
1101	15-19	0.8609836054962159
1101	20-24	1.5382689969198466
1101	25-29	1.107720501948691
1101	30-34	1.3744674088129258
1101	35-39	1.4388998478055584
1101	40-44	0.9622437644635156
1101	45-49	0.7396029446732229
1101	50-54	0.8823337004634055
1101	55-59	0.6831412774854826
1101	60-64	0.6890009946965847
1101	65-69	0.48391742318585074
1101	70-74	0.6138973863341874
1101	75-79	0.8332453085511489
1101	80-84	0.6781211797155251
1101	85-89	0.6418355690925353
1101	90-94	0.9502729613110006
1101	95-99	0.5361822125148024
1101	100-104	0.7755950171930834
1101	105-109	0.9037860181331432
1101	110-114	0.4689419846186311
1101	115-119	0.7835314466091852
1101	120-124	0.9432775217543607
1101	125-129	0.42818121673322196
1101	130-134	0.422990603919974
1101	135-139	0.8379070451416268
1101	140-144	0.4060656839129031
1101	145-149	0.5116243690241795
1101	150-151	0.13521412097799512
1102	1	0.22219263700514702
1102	2	0.1990413327763676
1102	3	0.1526416592076103
1102	4	0.28035261019352475
1102	5	0.22795937253270537
1102	6	-0.143194484966223
1102	7	0.8862453856989561
1102	8	-0.11902530125429678
1102	9	-0.09378726931080195
1102	10-14	0.026825172344587145
1102	15-19	0.2723548865957923
1102	20-24	0.07142930012160775
1102	25-29	0.6100945558146549
1102	30-34	2.745910459083234E-4
1102	35-39	0.13224357052877167
1102	40-44	0.5110940272257238
1102	45-49	-0.024474964332277693
1102	50-54	-0.20000429791928553
1102	55-59	0.3704005923666216
1102	60-64	0.12572690261800545
1102	65-69	0.35621740708555905
1102	70-74	0.27863840573078846
1102	75-79	0.1522594621852349
1102	80-84	0.4166264995459059
1102	85-89	0.290917691249561
1102	90-94	0.13817328896681857
1102	95-99	0.36332368377173907
1102	100-104	0.3381678455550059
1102	105-109	-0.27230830897665825
1102	110-114	0.3801497524694426
1102	115-119	0.2190760738666846
1102	120-124	0.14623658124376604
1102	125-129	0.4448421847719395
1102	130-134	0.27532672904064626
1102	135-139	0.6929354244294359
1102	140-144	0.7019939656592946
1102	145-149	0.27356470661409205
1102	150-151	0.4398988478121062
1103	1	-0.06194283450954785
1103	2	0.13131127847337964
1103	3	-0.1270156218490186
1103	4	0.10676024658983252
1103	5	0.15899766077096444
1103	6	1.012666913848463
1103	7	-2.2016335240630767
1103	8	-1.8764909364103417
1103	9	-1.7008672285930686
1103	10-14	0.3183132686904102
1103	15-19	-0.08510792705413195
1103	20-24	-2.027628957176134
1103	25-29	0.4022608741954059
1103	30-34	-0.2839273159320328
1103	35-39	-1.227337306340523
1103	40-44	0.6930510953770366
1103	45-49	-0.7042091015551222
1103	50-54	-1.0995626486797931
1103	55-59	0.4737200745363026
1103	60-64	-0.6326516200138101
1103	65-69	0.40152499405704845
1103	70-74	0.5781828946144785
1103	75-79	-1.463859909019959
1103	80-84	-0.15659420609084407
1103	85-89	-0.2557714506653781
1103	90-94	-0.9233116394793761
1103	95-99	0.257955243142419
1103	100-104	-0.35435017498577537
1103	105-109	-1.6508591447553052
1103	110-114	0.28632946905759127
1103	115-119	-0.37842787294237823
1103	120-124	-0.12228333874164221
1103	125-129	0.6151926544762247
1103	130-134	-0.09520137404372875
1103	135-139	-0.21428534214404138
1103	140-144	0.5335721070981627
1103	145-149	-0.44948684538214323
1103	150-151	0.5697259255560105
1104	1	0.22097993319326292
1104	2	0.3061770594743365
1104	3	0.01670051970970121
1104	4	0.31213062623966437
1104	5	0.3809042462710117
1104	6	0.5950019878403694
1104	7	0.6883158556216813
1104	8	0.9194299802926409
1104	9	1.4018425602451572
1104	10-14	0.6606928841055932
1104	15-19	0.6825386408014396
1104	20-24	1.4418829548707492
1104	25-29	1.0394915314496629
1104	30-34	1.206839459608041
1104	35-39	1.2879279790218803
1104	40-44	0.7798087975681156
1104	45-49	0.6364591667427533
1104	50-54	0.8699452066529858
1104	55-59	0.41195672703268116
1104	60-64	0.7394051722769817
1104	65-69	0.42844626648463446
1104	70-74	0.35643405158240427
1104	75-79	0.7452176709809777
1104	80-84	0.5699312093719513
1104	85-89	0.7978980512237399
1104	90-94	0.8686282907613219
1104	95-99	0.6879743421454876
1104	100-104	0.5343875623440937
1104	105-109	0.3036678932119905
1104	110-114	0.4814457643780443
1104	115-119	1.1249849079319922
1104	120-124	0.9632170183184563
1104	125-129	0.7565632734024561
1104	130-134	0.9475479864738183
1104	135-139	1.1301063336667063
1104	140-144	1.1703650074360432
1104	145-149	1.4280162010331878
1104	150-151	0.8801764624402857
1105	1	0.31660188884729124
1105	2	0.21095446281635333
1105	3	0.22551876379859337
1105	4	0.2584100760586949
1105	5	0.30791753145857825
1105	6	-0.5878173302261338
1105	7	-0.8140401299007607
1105	8	0.6812899276931077
1105	9	-0.36783564815723935
1105	10-14	-0.006924217507908281
1105	15-19	0.4140406238545751
1105	20-24	1.4348219960708946
1105	25-29	0.5100380126931157
1105	30-34	0.8388302716027596
1105	35-39	1.3554993833693842
1105	40-44	0.655705778534589
1105	45-49	0.6651232505125222
1105	50-54	0.7756778450487545
1105	55-59	0.4124547840699435
1105	60-64	0.8155591237331876
1105	65-69	0.6136723994309321
1105	70-74	0.5420958238662692
1105	75-79	0.9589041242363123
1105	80-84	0.9099153803972371
1105	85-89	0.9377586436905432
1105	90-94	1.160189726385859
1105	95-99	0.765161926943243
1105	100-104	1.125151998157989
1105	105-109	0.9990474621383036
1105	110-114	0.6735559469656494
1105	115-119	0.9501785553616422
1105	120-124	1.0189566314028227
1105	125-129	0.5209129525707255
1105	130-134	0.9204071779201506
1105	135-139	0.8874098134053483
1105	140-144	0.7290226034592884
1105	145-149	1.0647303047056766
1105	150-151	0.6459334501621541
1106	1	0.21773522642878618
1106	2	0.17217976197655815
1106	3	0.2228902121096148
1106	4	0.19838896379983595
1106	5	0.18979704233834838
1106	6	-0.6345778813248408
1106	7	0.8653285481599298
1106	8	0.3586375136178219
1106	9	-0.27694770914299127
1106	10-14	0.3774006429734271
1106	15-19	0.4198812070157487
1106	20-24	0.9031610700157842
1106	25-29	0.6946003232026214
1106	30-34	0.6453843786833318
1106	35-39	0.8967887800548553
1106	40-44	0.4336244189293339
1106	45-49	0.5353791152657834
1106	50-54	0.3516099880816199
1106	55-59	0.44720119087103427
1106	60-64	0.37656186620723275
1106	65-69	0.36549598574384135
1106	70-74	0.30544025808097786
1106	75-79	0.591226009810967
1106	80-84	0.47135402984135055
1106	85-89	0.590625410659726
1106	90-94	0.6918567538488176
1106	95-99	0.5309258258420897
1106	100-104	0.8845036175992789
1106	105-109	0.7093548352097407
1106	110-114	0.47719141089487493
1106	115-119	0.8689829787895569
1106	120-124	0.7559411267080947
1106	125-129	0.757109430066297
1106	130-134	0.993571106664934
1106	135-139	0.9932433146177679
1106	140-144	0.9202661552641551
1106	145-149	1.06756520930195
1106	150-151	0.7649362290903028
1107	1	0.3774847504502503
1107	2	0.114709989704469
1107	3	0.14495336271664172
1107	4	0.3403912880586688
1107	5	0.46943752400390437
1107	6	1.0771707525549417
1107	7	0.9820112868291702
1107	8	0.9630189887803979
1107	9	1.0570346858326545
1107	10-14	0.1944369656992393
1107	15-19	0.27456310499562164
1107	20-24	1.2102970391575383
1107	25-29	0.06716665112092812
1107	30-34	0.7091098688794233
1107	35-39	0.8834333666908094
1107	40-44	0.4844765082926301
1107	45-49	0.5523660231753524
1107	50-54	0.7842906790097999
1107	55-59	-0.46164199565819786
1107	60-64	0.36613992499403736
1107	65-69	0.3607219673152713
1107	70-74	0.2573977386483506
1107	75-79	0.9762467249842857
1107	80-84	0.6105657311570667
1107	85-89	0.5205805650727697
1107	90-94	1.0020855141425287
1107	95-99	0.09239584662664413
1107	100-104	0.6073709251838224
1107	105-109	0.4687343990095165
1107	110-114	0.4527342257179967
1107	115-119	1.116430821835099
1107	120-124	1.1488524956301127
1107	125-129	0.5983422181633067
1107	130-134	0.7914180155190991
1107	135-139	0.9536549712723392
1107	140-144	0.6884110136155641
1107	145-149	1.2425705641221896
1107	150-151	0.7983402022883794
1108	1	0.1440628441209384
1108	2	0.23507579730643968
1108	3	0.2968673879165955
1108	4	0.3883498769768572
1108	5	0.20343033782322095
1108	6	0.3922112434338061
1108	7	0.20986293357588437
1108	8	0.5498280658042205
1108	9	1.3635934889963295
1108	10-14	0.38203245765898686
1108	15-19	0.4431726628560071
1108	20-24	0.7888951645043818
1108	25-29	0.4676356478534771
1108	30-34	0.7912329080874088
1108	35-39	0.8105496693094096
1108	40-44	0.34421538207976
1108	45-49	0.660078245764069
1108	50-54	0.42912941259590553
1108	55-59	0.3304884094892202
1108	60-64	0.48816338508501644
1108	65-69	0.5160403799470501
1108	70-74	0.5906240673985437
1108	75-79	0.9047980133972615
1108	80-84	0.678376118045172
1108	85-89	0.802276542338646
1108	90-94	0.7376731818702424
1108	95-99	0.7057980153567414
1108	100-104	0.5983110619710601
1108	105-109	0.09163629079951008
1108	110-114	0.4176521364826655
1108	115-119	0.9677776875664357
1108	120-124	0.8569808209742682
1108	125-129	0.5860182000025524
1108	130-134	0.5607328704187964
1108	135-139	0.43515067830348286
1108	140-144	0.8648914338966236
1108	145-149	1.0542545415792013
1108	150-151	0.5173944902211005
1109	1	0.4497410426266413
1109	2	0.32769485578204893
1109	3	0.20386661275814433
1109	4	0.30261214109092904
1109	5	0.35706934848653304
1109	6	-0.11515667021744491
1109	7	0.2573299893416987
1109	8	0.9875229139317909
1109	9	0.4031343867470625
1109	10-14	0.1195763127369176
1109	15-19	0.11995738376640475
1109	20-24	0.7991103198292109
1109	25-29	-0.33639074661748225
1109	30-34	0.3772584296908761
1109	35-39	0.24496847680874367
1109	40-44	0.14261711573139024
1109	45-49	0.5376595379015683
1109	50-54	0.1492380168613323
1109	55-59	-0.09508103742697216
1109	60-64	0.45076692888984127
1109	65-69	0.547101350182281
1109	70-74	0.1760957546738524
1109	75-79	0.6184650186647289
1109	80-84	0.5947307009918887
1109	85-89	0.6938964303669621
1109	90-94	0.9121356452168925
1109	95-99	0.6453265387805871
1109	100-104	0.8759657464549804
1109	105-109	0.7003325381126366
1109	110-114	0.6970932298382309
1109	115-119	0.7487144928437779
1109	120-124	0.7321822657148083
1109	125-129	0.6403037628673722
1109	130-134	0.8122898940262644
1109	135-139	0.7065777312118939
1109	140-144	1.042823057320856
1109	145-149	1.2424022240748513
1109	150-151	0.5627481298235857
1110	1	0.508625972438324
1110	2	0.4198860861252989
1110	3	0.41862439767384174
1110	4	0.5218574048276992
1110	5	0.498664432192939
1110	6	0.9217174542309152
1110	7	1.0257391502742266
1110	8	1.0053565696182147
1110	9	1.015468022449788
1110	10-14	0.7488814415660059
1110	15-19	0.4514823626317366
1110	20-24	0.7376813386083114
1110	25-29	-0.5157084980617483
1110	30-34	0.5791135038557087
1110	35-39	0.5919955274628848
1110	40-44	-0.14948810119344813
1110	45-49	0.41040790624776946
1110	50-54	0.3388960093361675
1110	55-59	0.023907635618620304
1110	60-64	0.41702047054784686
1110	65-69	0.3332249344603966
1110	70-74	0.17768998634101507
1110	75-79	0.7027961345401721
1110	80-84	0.3363543278823755
1110	85-89	0.3483346553438267
1110	90-94	0.7475033180280093
1110	95-99	0.46950250923771364
1110	100-104	0.7589511247810847
1110	105-109	1.1621635474781904
1110	110-114	0.5567276755233053
1110	115-119	0.8253474569540451
1110	120-124	1.003614794258251
1110	125-129	0.4376813056828688
1110	130-134	0.6525792644577564
1110	135-139	0.6174292356068172
1110	140-144	0.8261754921679483
1110	145-149	1.1422693074420422
1110	150-151	0.7532086885191127
1111	1	0.23926759515730467
1111	2	0.26282614038407104
1111	3	0.26294213613250506
1111	4	0.1958777067736044
1111	5	0.15080923645264832
1111	6	1.053808674646767
1111	7	-0.37697416333354994
1111	8	-0.3918453164730913
1111	9	-0.32144394804909737
1111	10-14	0.49888478660930247
1111	15-19	0.4792105809235352
1111	20-24	0.05238255717107165
1111	25-29	0.5884291330042473
1111	30-34	0.7538014527600154
1111	35-39	0.41868460667369334
1111	40-44	0.6988657239134071
1111	45-49	0.4445418260271552
1111	50-54	0.3431903600550896
1111	55-59	0.5191660731643921
1111	60-64	0.2871399294826489
1111	65-69	0.4189159587800262
1111	70-74	0.6520069479091575
1111	75-79	-0.058631994093005346
1111	80-84	0.4031137491965353
1111	85-89	0.5878417138835488
1111	90-94	0.2544457684211423
1111	95-99	0.6555220538965756
1111	100-104	0.5207519163438832
1111	105-109	0.6924983020566593
1111	110-114	0.6521066795716024
1111	115-119	0.8734604266667567
1111	120-124	0.8643537997755963
1111	125-129	0.8806077595367618
1111	130-134	0.5642596387556615
1111	135-139	0.6940220572235312
1111	140-144	0.7738354896181932
1111	145-149	0.7310156106645209
1111	150-151	0.5810049845201455
1112	1	0.284108595914045
1112	2	0.05320659801285643
1112	3	0.031392478511325095
1112	4	0.11705663969925695
1112	5	0.10486238838517536
1112	6	0.40776113724319174
1112	7	0.11799118524558594
1112	8	0.3802279220035274
1112	9	1.152006024175492
1112	10-14	0.14740316352083482
1112	15-19	0.30914352300723635
1112	20-24	0.38890959846090567
1112	25-29	0.4787692705908455
1112	30-34	0.4860776280643222
1112	35-39	0.29142407678492077
1112	40-44	0.3255483898954097
1112	45-49	0.2739794019921007
1112	50-54	0.14055757246961065
1112	55-59	0.3855988693232604
1112	60-64	0.18658697423889947
1112	65-69	0.1846352629978938
1112	70-74	0.22465327246779054
1112	75-79	0.14514169928895626
1112	80-84	0.2216093485711923
1112	85-89	0.3348706098193759
1112	90-94	0.4054259307686081
1112	95-99	0.46350941815087765
1112	100-104	0.4080821730006363
1112	105-109	0.6824578255314897
1112	110-114	0.38282613774836705
1112	115-119	0.420257315844605
1112	120-124	0.7056520710548817
1112	125-129	0.2036065671297287
1112	130-134	0.4811592313773083
1112	135-139	0.6797513207508246
1112	140-144	0.39810790551658926
1112	145-149	0.7121810387556273
1112	150-151	0.005444684862069948
1113	1	0.23951044440863356
1113	2	0.20429291238535185
1113	3	0.21465991981828125
1113	4	0.2726116991478378
1113	5	0.273197389006949
1113	6	0.3301671875998551
1113	7	0.24107849298004425
1113	8	1.0353628690457484
1113	9	0.5461363140032347
1113	10-14	0.17052823893627078
1113	15-19	0.25344423788098425
1113	20-24	1.1202979361995489
1113	25-29	0.7861870497774106
1113	30-34	1.0409970760768417
1113	35-39	1.1072484902678141
1113	40-44	0.6467958135773486
1113	45-49	0.5937405918271992
1113	50-54	0.5008397830196074
1113	55-59	0.44036356440596336
1113	60-64	0.4419098734023166
1113	65-69	0.4925336309527424
1113	70-74	0.578413613402013
1113	75-79	1.0403303412179312
1113	80-84	0.6598593642662536
1113	85-89	0.8453848934374975
1113	90-94	1.0453064494132676
1113	95-99	0.8280399534104603
1113	100-104	1.0299892214682984
1113	105-109	1.1611463242545916
1113	110-114	0.6021987902720767
1113	115-119	0.9869123958500374
1113	120-124	1.2833751370393252
1113	125-129	0.658204540416687
1113	130-134	0.8307977131020614
1113	135-139	0.9125453826554839
1113	140-144	0.6642722673238453
1113	145-149	1.0439151979417218
1113	150-151	0.5115925308501943
1114	1	0.08062928035739603
1114	2	-0.093752992095677
1114	3	0.07333510891768213
1114	4	-0.041132196751085814
1114	5	0.06997921219295122
1114	6	-2.4019753099219585
1114	7	0.19565491852586092
1114	8	-1.3592643285984636
1114	9	-1.1693969123708108
1114	10-14	-0.27197249016210634
1114	15-19	-0.08070266481216493
1114	20-24	-0.8016760444985565
1114	25-29	0.3087773889815679
1114	30-34	-1.105966257174444
1114	35-39	-1.0478611442468946
1114	40-44	0.12226079305674631
1114	45-49	-0.31317935126796215
1114	50-54	-0.17210038633839986
1114	55-59	0.3048395364223282
1114	60-64	-0.30165576247439674
1114	65-69	0.17888813888072974
1114	70-74	0.3004459839377134
1114	75-79	-0.14928929852489148
1114	80-84	-0.2710267507720445
1114	85-89	-0.22543061120273933
1114	90-94	-0.1717335552022874
1114	95-99	0.11883736808916723
1114	100-104	0.11761432871108468
1114	105-109	0.3037304317077876
1114	110-114	0.23190381128411275
1114	115-119	0.18654945795757172
1114	120-124	-0.03980868536070048
1114	125-129	0.39388610756916975
1114	130-134	-0.10304323487264
1114	135-139	0.03815354058720999
1114	140-144	0.1131392406951548
1114	145-149	-0.06445688584717502
1114	150-151	-0.20539301514412145
2101	1	-1.0874926254410262
2101	2	-0.6009162198632225
2101	3	-0.15291911057351015
2101	4	-0.2390204396027542
2101	5	-0.12328798175084899
2101	6	0.792864806400857
2101	7	0.608981959367064
2101	8	0.8925398970427594
2101	9	0.9624256810870477
2101	10-14	0.18522760767651647
2101	15-19	0.27812557523436965
2101	20-24	-1.2228179753104342
2101	25-29	0.14182266422493228
2101	30-34	0.8444891358585025
2101	35-39	0.9520363404665275
2101	40-44	0.06307901800407478
2101	45-49	0.025884288105828546
2101	50-54	0.2914279117751306
2101	55-59	0.10898650276617872
2101	60-64	0.01638635670362021
2101	65-69	-0.16789306161131634
2101	70-74	0.02167380606066871
2101	75-79	0.20168177682072752
2101	80-84	-0.08682673354129378
2101	85-89	-0.02065620607982055
2101	90-94	0.07270748325552034
2101	95-99	-0.16592706495936227
2101	100-104	0.018804905874311828
2101	105-109	0.0901189169028278
2101	110-114	-0.532828466366837
2101	115-119	-0.11829030768766202
2101	120-124	-0.17823554023025068
2101	125-129	-0.6259549280327477
2101	130-134	-0.6110607484896455
2101	135-139	-0.4932358733695672
2101	140-144	-0.8403514136533943
2101	145-149	-0.8898992689822123
2101	150-151	-0.9639963209555162
2102	1	-0.3749899820070368
2102	2	-0.4082367229823376
2102	3	-0.20924531790063483
2102	4	-0.12640055952070028
2102	5	-0.3679716363256844
2102	6	-1.2015941072024638
2102	7	0.29006114234542224
2102	8	-1.0515577425740297
2102	9	-0.9111390254090423
2102	10-14	-0.482187705673482
2102	15-19	-0.2143738483988571
2102	20-24	-0.7937177525608092
2102	25-29	-0.19769022591648877
2102	30-34	-0.5753643575972802
2102	35-39	-0.5548691375188852
2102	40-44	-0.15337885774226834
2102	45-49	-0.5992240208018274
2102	50-54	-0.6054836073981633
2102	55-59	-0.16023373255605833
2102	60-64	-0.668641055519025
2102	65-69	-0.3527241832465222
2102	70-74	-0.24826304085397766
2102	75-79	-0.3942541369772101
2102	80-84	-0.4321926491746879
2102	85-89	-0.19356471045325918
2102	90-94	-0.4857137459766605
2102	95-99	-0.3345246109958353
2102	100-104	-0.5497297308654758
2102	105-109	-0.5940465418022711
2102	110-114	-0.15552352341867248
2102	115-119	-0.37312923715793644
2102	120-124	-0.5559584179907198
2102	125-129	-0.4494278333393851
2102	130-134	-0.8234508482427607
2102	135-139	-0.6036168158859887
2102	140-144	-0.5040715534512614
2102	145-149	-0.685286245290655
2102	150-151	-0.379493540350925
2103	1	-0.08560840620945598
2103	2	-0.4527740029756444
2103	3	-0.3904312449094256
2103	4	-0.5336709774665991
2103	5	-0.4522155198316611
2103	6	0.45854380588021826
2103	7	-1.9611984126792024
2103	8	-2.2357847762342082
2103	9	-2.4340406385784163
2103	10-14	-0.7984699092149725
2103	15-19	-0.4473459287854098
2103	20-24	-2.37668483609653
2103	25-29	-0.10214713795564023
2103	30-34	-1.066367237177822
2103	35-39	-1.9560898854855182
2103	40-44	-0.012530074879968822
2103	45-49	-1.2093098585483233
2103	50-54	-1.4907284109025198
2103	55-59	0.10601771878513944
2103	60-64	-1.5491881681373272
2103	65-69	-0.5327595407449053
2103	70-74	-0.11166978228644098
2103	75-79	-1.7580613746960942
2103	80-84	-1.0925858280392688
2103	85-89	-1.132046115526954
2103	90-94	-2.1559646835370216
2103	95-99	-0.5976230478248112
2103	100-104	-1.4262735589441604
2103	105-109	-2.0518200790647363
2103	110-114	-0.8078999089451919
2103	115-119	-1.80156586826185
2103	120-124	-1.4038773967664682
2103	125-129	-0.5674482935097735
2103	130-134	-1.3032676162400598
2103	135-139	-1.5649317923997685
2103	140-144	-0.8752569724479535
2103	145-149	-1.950464013398669
2103	150-151	-0.717134423839763
2104	1	-0.37412080980664086
2104	2	-0.08591058639482085
2104	3	-0.1451653077023458
2104	4	-0.1156767129122116
2104	5	-0.18769778913774715
2104	6	0.15457122093901177
2104	7	0.34793700137728223
2104	8	0.4387788009019644
2104	9	0.8363368985210045
2104	10-14	-0.05251683221337089
2104	15-19	-0.22272184176997456
2104	20-24	0.17366291009607693
2104	25-29	0.0690148002166282
2104	30-34	0.223082605515053
2104	35-39	0.6341903390025081
2104	40-44	-0.10354321205198858
2104	45-49	-0.23132511008451928
2104	50-54	-0.03608999734323959
2104	55-59	-0.21001776501412195
2104	60-64	-0.09336850906736771
2104	65-69	-0.5813639572225782
2104	70-74	-0.6689389836170676
2104	75-79	0.17066409691339857
2104	80-84	-0.5754289429802597
2104	85-89	-0.44730051971745155
2104	90-94	-0.3319307623598178
2104	95-99	-0.7922100929097411
2104	100-104	-0.7774546999702565
2104	105-109	-0.033641107271723314
2104	110-114	-0.9710476561677943
2104	115-119	-0.8389647771333699
2104	120-124	-0.7794075074491289
2104	125-129	-0.8097416052809372
2104	130-134	-0.460026640906694
2104	135-139	-0.11356470418710529
2104	140-144	-0.3322082054279285
2104	145-149	-0.2620891001045038
2104	150-151	0.069432123666882
2105	1	0.13279259540919597
2105	2	-0.11008449727544445
2105	3	-0.09546440357469876
2105	4	-0.2514917336188489
2105	5	-0.418869051061165
2105	6	-0.8367102276550469
2105	7	-1.1378002917118017
2105	8	0.391009894436273
2105	9	-1.2051677837906745
2105	10-14	-0.1739225206313293
2105	15-19	-0.8465040054581152
2105	20-24	-0.16072540464480767
2105	25-29	-0.8449703258264734
2105	30-34	-0.11078039489534319
2105	35-39	0.48623956961797177
2105	40-44	-0.2171937281330827
2105	45-49	0.21549917904321347
2105	50-54	0.1159300771021563
2105	55-59	-0.23886138139477708
2105	60-64	0.11012923110035189
2105	65-69	-0.13030299322900873
2105	70-74	-0.027673512939664136
2105	75-79	0.6693343938615826
2105	80-84	0.19283786489072696
2105	85-89	0.3236153722999262
2105	90-94	0.24456876529019667
2105	95-99	-0.12602149288934328
2105	100-104	0.36037444420667697
2105	105-109	0.7176405455376305
2105	110-114	-0.11943474245158114
2105	115-119	-0.19010093415103668
2105	120-124	-0.16403573054946108
2105	125-129	-0.09634034717451812
2105	130-134	0.12567767422873288
2105	135-139	-0.14779450447450415
2105	140-144	-0.5295063521840007
2105	145-149	-0.2220240986328328
2105	150-151	-0.4267614740060104
2106	1	-0.2160965646862465
2106	2	-0.30349293268483635
2106	3	0.0012720683379896514
2106	4	-0.4149885629928427
2106	5	-0.3138159748316447
2106	6	-0.6675936940733109
2106	7	0.3081915936774138
2106	8	0.06857777771340068
2106	9	-0.6625982068562948
2106	10-14	-0.17706288496690092
2106	15-19	-0.042339999659830596
2106	20-24	-0.16605432284614352
2106	25-29	0.09032835561154684
2106	30-34	-0.3517925543581555
2106	35-39	-0.1202622669877016
2106	40-44	-0.15159923552546672
2106	45-49	-0.12842271210696055
2106	50-54	0.16960278058776623
2106	55-59	0.003315710999792998
2106	60-64	-0.25544983712869396
2106	65-69	-0.15795156553180334
2106	70-74	-0.11941731429919855
2106	75-79	0.3617106956187044
2106	80-84	0.007798375711765004
2106	85-89	-0.011101271712419702
2106	90-94	-0.08339201816416875
2106	95-99	-0.1377173578253874
2106	100-104	0.07307544616374173
2106	105-109	0.25611224578908676
2106	110-114	-0.7964247445646073
2106	115-119	-1.6003848005829546
2106	120-124	-1.2597558229887476
2106	125-129	-0.8445923699973612
2106	130-134	-0.2512913296821182
2106	135-139	-0.3297902878775254
2106	140-144	-0.8631582510499172
2106	145-149	-0.7353311163574041
2106	150-151	-0.5256725832984941
2107	1	-0.32707087555739633
2107	2	-0.2304150097376727
2107	3	-0.014143785529931563
2107	4	-0.1320639085879165
2107	5	-0.1718622701668977
2107	6	0.4577235035679763
2107	7	0.5837220024549623
2107	8	0.7645854282877025
2107	9	0.4277017534697478
2107	10-14	-0.11958737563187327
2107	15-19	-0.48782129130413665
2107	20-24	0.530205873311985
2107	25-29	-1.2972423712172656
2107	30-34	-0.7953211404618088
2107	35-39	0.14061766148084587
2107	40-44	-0.4175596378458124
2107	45-49	-0.5828708552342974
2107	50-54	-0.005160792937843439
2107	55-59	-1.2931986028060862
2107	60-64	-0.43890922432244395
2107	65-69	-0.4920573594066511
2107	70-74	-0.2995870544751682
2107	75-79	0.18265714443686676
2107	80-84	-0.5449565934611158
2107	85-89	-0.5434095699603105
2107	90-94	0.050561528781557286
2107	95-99	-0.6222252223171267
2107	100-104	-0.9077529657665835
2107	105-109	-0.31940009613061804
2107	110-114	-0.5751660105804675
2107	115-119	-0.12795948555417525
2107	120-124	-0.32732504682271824
2107	125-129	-0.3796607503032483
2107	130-134	-0.6434875530354667
2107	135-139	-0.7883690763035318
2107	140-144	-1.375583971418596
2107	145-149	-0.2641647972546366
2107	150-151	-0.099317385126092
2108	1	-0.3790044474722336
2108	2	-0.12748595338372226
2108	3	-0.4305501985007716
2108	4	-0.14849805197415122
2108	5	-0.04238808630924851
2108	6	-0.018486423171260924
2108	7	0.12527677939375081
2108	8	0.6719438563978457
2108	9	0.8892656489685535
2108	10-14	-0.028135163756509485
2108	15-19	-0.023134301490699727
2108	20-24	0.31783118793352827
2108	25-29	-0.050924333331522575
2108	30-34	0.06401135596259877
2108	35-39	-0.07935238624002494
2108	40-44	-0.300542613991837
2108	45-49	-0.2730323407777533
2108	50-54	0.055098253028525335
2108	55-59	-0.2611963764274421
2108	60-64	-0.17852412763109982
2108	65-69	-0.15263386567519888
2108	70-74	-0.10526095345142039
2108	75-79	-0.09201362308412797
2108	80-84	0.2496831777968609
2108	85-89	-0.09292409489133036
2108	90-94	-0.06331231099478885
2108	95-99	-0.3174840989733525
2108	100-104	-0.5049815766669887
2108	105-109	-1.0338645654895267
2108	110-114	-0.31490425130179744
2108	115-119	-0.2114299747909527
2108	120-124	-0.10669167897721721
2108	125-129	-0.24385718088701935
2108	130-134	-0.19025753644507404
2108	135-139	-0.4184593240400716
2108	140-144	-0.06452886790531309
2108	145-149	0.07475562286875359
2108	150-151	-0.026614256821126503
2109	1	-0.12230940365720144
2109	2	0.009324740696339262
2109	3	-0.6405418102871039
2109	4	-0.5638781094423386
2109	5	-0.3184584759150013
2109	6	-0.6103587795454111
2109	7	-0.4986014308827045
2109	8	0.3530032699367851
2109	9	-0.5086223059135655
2109	10-14	-0.4534150266895338
2109	15-19	-0.6250624484093663
2109	20-24	0.16154763061705069
2109	25-29	-0.6088412007798993
2109	30-34	-0.3033075924766635
2109	35-39	-0.4182436129926259
2109	40-44	-0.612227725907502
2109	45-49	-0.08941998574319143
2109	50-54	-0.3871133989354192
2109	55-59	-1.0219696005909213
2109	60-64	-0.3382357881108078
2109	65-69	-0.5271491617650597
2109	70-74	-0.9018691480655079
2109	75-79	-0.5056278110845014
2109	80-84	-0.15542057619346394
2109	85-89	-0.6915768490743375
2109	90-94	-0.2838715032099799
2109	95-99	-0.43369699872621226
2109	100-104	-0.5974227765611495
2109	105-109	-0.6295542752110919
2109	110-114	-0.38039826836034507
2109	115-119	-0.1114682275274248
2109	120-124	-0.08679121423781666
2109	125-129	-0.5381217502781119
2109	130-134	-0.15392699007237454
2109	135-139	-0.1628628264135017
2109	140-144	-0.12946905073164672
2109	145-149	-0.01744613623011304
2109	150-151	-0.04512325302194853
2110	1	-0.07862776144894212
2110	2	-0.2440410890337077
2110	3	0.1454574212491302
2110	4	-0.016225338667240408
2110	5	-0.0615204180141653
2110	6	0.229223043139001
2110	7	0.690243135739955
2110	8	0.14058551307895328
2110	9	0.5633732472110964
2110	10-14	0.1731125088400418
2110	15-19	-0.6645000802107006
2110	20-24	-0.4314012451632223
2110	25-29	-2.1976217247961785
2110	30-34	-2.4300561771433706
2110	35-39	-2.2285603294080474
2110	40-44	-3.182693245068762
2110	45-49	-0.2789339822784882
2110	50-54	-0.25142599746700256
2110	55-59	-0.558652557957366
2110	60-64	-0.10146537309449144
2110	65-69	-0.655412405413081
2110	70-74	-0.688515913276099
2110	75-79	-0.28305389695365335
2110	80-84	-0.3919612920055471
2110	85-89	-0.8851859045560246
2110	90-94	-0.20670343808392744
2110	95-99	-0.19475277579925176
2110	100-104	-0.21107942521854284
2110	105-109	-0.11460721799535989
2110	110-114	-0.42243437533041117
2110	115-119	-0.996158329483606
2110	120-124	-0.8801037764219259
2110	125-129	-0.7430619910663019
2110	130-134	-0.3901255947597413
2110	135-139	-0.04168467860491987
2110	140-144	-0.5259714993541138
2110	145-149	-0.5861295461420362
2110	150-151	-0.38124438313582587
2111	1	-0.13791672817398748
2111	2	-0.0011350761907387152
2111	3	-0.26186598797445626
2111	4	-0.41411208706186997
2111	5	-0.4302828231513516
2111	6	0.40961883998663495
2111	7	-1.518600413588704
2111	8	-1.4590035120232052
2111	9	-0.7526290878735509
2111	10-14	-0.3496474444582631
2111	15-19	-0.2561939506135076
2111	20-24	-1.7400881103120867
2111	25-29	-0.39980152631397914
2111	30-34	-1.0758167142128414
2111	35-39	-1.4402312358237666
2111	40-44	-0.7232984712257746
2111	45-49	-0.7114943037434358
2111	50-54	-0.6145229074703806
2111	55-59	-0.0374760031852972
2111	60-64	-0.1443060884830416
2111	65-69	-0.5728027240099323
2111	70-74	-0.32567076903688275
2111	75-79	-1.429570381483508
2111	80-84	-0.5663432626441889
2111	85-89	-0.406583757671207
2111	90-94	-0.6319742957353967
2111	95-99	-0.22020355880030706
2111	100-104	-0.3417748417903823
2111	105-109	-0.6986665072360587
2111	110-114	-0.47519239385534107
2111	115-119	-1.4793208033338061
2111	120-124	-2.166079491027702
2111	125-129	-0.6335157853017463
2111	130-134	-0.6315561141441606
2111	135-139	-0.7164309324654958
2111	140-144	-0.9615787652583379
2111	145-149	-1.3669915815555562
2111	150-151	-0.9080200999687165
2112	1	-0.20010375484504195
2112	2	-0.1162273821944737
2112	3	-0.1756388998392353
2112	4	-0.22716663650759727
2112	5	-0.4005352652543053
2112	6	0.01446506981870499
2112	7	-0.33767592670471913
2112	8	-0.5216846666714332
2112	9	0.6328241005799669
2112	10-14	-0.29531239890892635
2112	15-19	-0.2469979018812083
2112	20-24	-0.3704636783068196
2112	25-29	-0.37375191595288015
2112	30-34	-0.5027614403680332
2112	35-39	-0.49527947586987864
2112	40-44	-0.6026856684552087
2112	45-49	-0.48394529899943706
2112	50-54	-0.5366833122862431
2112	55-59	-0.2396625277701503
2112	60-64	-0.2144063105443763
2112	65-69	-0.5021395974748017
2112	70-74	-0.7072436920123977
2112	75-79	-0.9861022958306052
2112	80-84	-0.8262990635130407
2112	85-89	-0.7215037590780398
2112	90-94	-1.3439929688232333
2112	95-99	-1.0838246122048538
2112	100-104	-1.0107547893886881
2112	105-109	-0.6014409084881329
2112	110-114	-0.4963680811421831
2112	115-119	-0.8283753206621967
2112	120-124	-1.1296767994746695
2112	125-129	-0.6916073946051036
2112	130-134	-0.671934999714491
2112	135-139	-0.9980288682538685
2112	140-144	-0.8560675484109801
2112	145-149	-1.0782142685281926
2112	150-151	-1.1686128900230592
2113	1	-0.1674043203939739
2113	2	-0.3150760553993237
2113	3	0.0052802226224599735
2113	4	-0.3835554136882955
2113	5	-0.16205344689380752
2113	6	-0.3317802210462304
2113	7	-0.4832932371970209
2113	8	0.31254041822494827
2113	9	-0.2506277464919293
2113	10-14	-0.32981203198341547
2113	15-19	-0.3002575321024423
2113	20-24	0.380639052665785
2113	25-29	0.04002275269339606
2113	30-34	0.2621675916221733
2113	35-39	0.3337217622744788
2113	40-44	0.17206353585985568
2113	45-49	-0.05693570015606042
2113	50-54	-0.12654426343429037
2113	55-59	-0.3280866648744549
2113	60-64	-0.16464400587402395
2113	65-69	-0.45184456256080097
2113	70-74	-0.557851756829777
2113	75-79	-0.460460710499504
2113	80-84	-0.40587576196858066
2113	85-89	-0.5960368846683224
2113	90-94	-0.47151100786516764
2113	95-99	-0.7192634177404216
2113	100-104	-0.7272202251094875
2113	105-109	-0.2299005372645233
2113	110-114	-0.3864555727044703
2113	115-119	-0.4879915292006629
2113	120-124	-0.3849188546231872
2113	125-129	-0.7641711612437483
2113	130-134	-0.68035563264025
2113	135-139	-0.9067499931093899
2113	140-144	-0.5296407716293778
2113	145-149	-0.6183490616793001
2113	150-151	-0.7742483426992806
2114	1	0.01325896969136764
2114	2	-0.02890847520551887
2114	3	-0.2208397153964583
2114	4	-0.21782308870390565
2114	5	-0.37187559819240334
2114	6	-1.8712908480265042
2114	7	-0.11210287664289353
2114	8	-3.0578081097243555
2114	9	-2.0117161157881647
2114	10-14	-1.076765014244799
2114	15-19	-0.7158346731093985
2114	20-24	-1.9597665996388471
2114	25-29	-0.47726950660955225
2114	30-34	-1.5956764843277824
2114	35-39	-2.4383826667071347
2114	40-44	-0.4087095904875184
2114	45-49	-0.6039438916485764
2114	50-54	-0.6723475749752907
2114	55-59	-0.11548042167517991
2114	60-64	-0.4290512635755661
2114	65-69	-0.4043011216126331
2114	70-74	-0.891728069904751
2114	75-79	-1.6737531832622707
2114	80-84	-1.4953653969976344
2114	85-89	-1.492744443220964
2114	90-94	-2.1281226770299853
2114	95-99	-1.3749805859426658
2114	100-104	-1.618302569741548
2114	105-109	-1.012318286187206
2114	110-114	-0.3267790196329976
2114	115-119	-0.528636549607544
2114	120-124	-0.8376909622125375
2114	125-129	-0.5339507823694376
2114	130-134	-1.3697716926157746
2114	135-139	-2.0790818293432345
2114	140-144	-1.445548200061932
2114	145-149	-2.3985319327425465
2114	150-151	-0.6134189023993919
>>END_MODULE
>>Per sequence quality scores	pass
#Quality	Count
2	1861.0
3	0.0
4	0.0
5	0.0
6	0.0
7	0.0
8	0.0
9	0.0
10	0.0
11	0.0
12	0.0
13	2.0
14	133.0
15	947.0
16	2123.0
17	3023.0
18	4110.0
19	5384.0
20	6783.0
21	8385.0
22	10365.0
23	12292.0
24	14824.0
25	17582.0
26	20348.0
27	23532.0
28	27310.0
29	31061.0
30	36018.0
31	41575.0
32	48467.0
33	57519.0
34	71498.0
35	93702.0
36	137811.0
37	172419.0
38	6559.0
>>END_MODULE
>>Per base sequence content	warn
#Base	G	A	T	C
1	47.59935907947321	12.904381966145529	6.7926800129308536	32.70357894145041
2	30.717100115721763	14.56313863654465	24.308714738829572	30.411046508904015
3	29.39449876547837	16.56671804650422	16.641796638915306	37.3969865491021
4	37.17444469952165	20.24861438416814	13.14660120032046	29.43033971598975
5	33.93739780644013	21.84154551800715	15.03680139428325	29.184255281269472
6	31.732008077097866	23.426160614309207	14.381942720070464	30.45988858852246
7	28.51780100542065	16.081459687129584	25.065942663849366	30.3347966436004
8	26.92803230839147	16.138149295127974	19.1527714659183	37.781046930562255
9	31.870218278416253	15.973351199149189	18.862412915860443	33.29401760657412
10-14	32.78758263330257	17.564103765408095	16.400327019391593	33.24798658189774
15-19	32.40387363371017	17.611399764808404	16.90001546080218	33.08471114067925
20-24	32.33455770393032	17.243502949265142	17.569843002581486	32.85209634422305
25-29	32.603950469211924	17.541263944003784	17.328865317672633	32.52592026911166
30-34	32.67938044349077	17.288995188410958	17.234460722534823	32.79716364556345
35-39	32.42669430292736	17.378830043090254	17.414008153071887	32.780467500910504
40-44	32.74218469627762	17.444682208904595	17.288903065565485	32.5242300292523
45-49	32.68133804969485	17.327291161336618	17.25289654634051	32.738474242628016
50-54	32.527716875953196	17.33002264102569	17.361599425396783	32.780661057624336
55-59	32.79057440804705	17.32943609361032	17.273784871516572	32.60620462682606
60-64	32.7595675581338	17.188620420149256	17.296963270137685	32.75484875157926
65-69	32.56750827269626	17.293298062526084	17.38412570831874	32.755067956458916
70-74	32.690243645149785	17.422959244328553	17.29309585563803	32.593701254883634
75-79	32.68921242184396	17.26614759862886	17.198393922805547	32.84624605672163
80-84	32.584895201717636	17.32409162315704	17.326899476432185	32.76411369869314
85-89	32.80257580964139	17.268967683607773	17.23497019610502	32.693486310645824
90-94	32.806829600675975	17.101060329697226	17.233647664531905	32.8584624050949
95-99	32.75146890014658	17.20551588210254	17.262637707060406	32.78037751069047
100-104	32.87511157589735	17.19640998665483	17.269224636962473	32.65925380048535
105-109	32.9257446793909	17.07558974622275	17.19174831868727	32.80691725569908
110-114	32.81663515093792	17.146308742818768	17.311978914611704	32.725077191631605
115-119	32.95189455368628	17.145516614052166	17.24241763870725	32.660171193554305
120-124	33.05525053520431	17.01159680281924	17.144360457445405	32.78879220453104
125-129	33.05531048744589	17.091576834452216	17.199337557416385	32.65377512068551
130-134	33.0939609598634	17.089611616826527	17.25922272495796	32.5572046983521
135-139	33.18947234655408	17.01029326631179	17.101930163929797	32.698304223204325
140-144	33.086271890515704	17.095592113648454	17.18307758692695	32.6350584089089
145-149	33.34766217986614	16.766711128671457	17.240602821604377	32.64502386985803
150-151	36.18293446024298	6.955853268321093	18.62806954899925	38.233142722436675
>>END_MODULE
>>Per sequence GC content	warn
#GC Content	Count
0	1861.0
1	930.5
2	0.0
3	0.0
4	0.0
5	0.5
6	0.5
7	0.0
8	0.0
9	0.0
10	0.5
11	0.5
12	0.0
13	0.0
14	0.0
15	0.5
16	0.5
17	0.0
18	0.0
19	0.0
20	0.5
21	1.0
22	0.5
23	0.0
24	0.0
25	0.0
26	1.0
27	1.0
28	2.5
29	5.0
30	5.0
31	4.0
32	5.5
33	11.0
34	12.0
35	17.5
36	29.5
37	37.5
38	48.5
39	70.0
40	106.0
41	148.0
42	216.5
43	284.0
44	344.0
45	471.0
46	640.5
47	849.5
48	1119.0
49	1544.0
50	2091.0
51	2822.5
52	3912.5
53	5340.5
54	7223.5
55	9679.5
56	12867.0
57	16638.0
58	21372.5
59	27440.0
60	34105.5
61	41225.0
62	48011.5
63	53966.0
64	59128.5
65	62196.0
66	62940.5
67	61739.0
68	58313.5
69	53237.0
70	47080.0
71	40086.5
72	32602.5
73	25590.0
74	19835.0
75	14929.5
76	11014.0
77	8101.5
78	5858.0
79	4230.5
80	3146.0
81	2406.5
82	1839.5
83	1453.0
84	1148.5
85	896.0
86	737.0
87	600.0
88	460.5
89	350.5
90	270.5
91	212.0
92	168.0
93	134.5
94	100.5
95	68.0
96	52.5
97	34.5
98	16.0
99	8.0
100	9.0
>>END_MODULE
>>Per base N content	pass
#Base	N-Count
1	0.21749979255124569
2	0.21749979255124569
3	0.21749979255124569
4	0.21749979255124569
5	0.21749979255124569
6	0.21749979255124569
7	0.21749979255124569
8	0.21749979255124569
9	0.21749979255124569
10-14	0.21749979255124569
15-19	0.21749979255124569
20-24	0.21749979255124569
25-29	0.21749979255124569
30-34	0.21749979255124569
35-39	0.043596217038413626
40-44	0.0
45-49	0.0
50-54	0.0
55-59	0.0
60-64	0.0
65-69	0.0
70-74	0.0
75-79	0.0
80-84	0.0
85-89	0.0
90-94	0.0
95-99	0.0
100-104	0.0
105-109	0.0
110-114	0.0
115-119	0.0
120-124	0.0
125-129	0.0
130-134	0.0
135-139	0.0
140-144	0.0
145-149	0.0
150-151	0.0
>>END_MODULE
>>Sequence Length Distribution	warn
#Length	Count
35-39	2971.0
40-44	1406.0
45-49	1696.0
50-54	2174.0
55-59	2704.0
60-64	3200.0
65-69	3693.0
70-74	4310.0
75-79	4985.0
80-84	5784.0
85-89	6734.0
90-94	7430.0
95-99	8338.0
100-104	9364.0
105-109	10271.0
110-114	11387.0
115-119	12056.0
120-124	13369.0
125-129	14463.0
130-134	14826.0
135-139	15973.0
140-144	16256.0
145-149	54297.0
150-152	627946.0
>>END_MODULE
>>Sequence Duplication Levels	pass
#Total Deduplicated Percentage	94.31919296194931
#Duplication Level	Percentage of deduplicated	Percentage of total
1	94.65632199033136	89.27907898874469
2	4.956361579809421	9.349600484704734
3	0.34598450160187344	0.9789893690529289
4	0.02951344466508804	0.11134737129353009
5	0.0069130563815635775	0.03260169494047651
6	0.0030451871498267833	0.01723317566338565
7	4.2398857095404845E-4	0.002799318188623322
8	7.82425917380225E-4	0.005903822486385251
9	1.831212542243426E-4	0.0015544664021357952
>10	3.4672351876340014E-4	0.0032702682470691184
>50	0.0	0.0
>100	0.0	0.0
>500	0.0	0.0
>1k	1.239807995492496E-4	0.21762104027604384
>5k	0.0	0.0
>10k+	0.0	0.0
>>END_MODULE
>>Overrepresented sequences	warn
#Sequence	Count	Percentage	Possible Source
NNNNNNNNNNNNNNNNNNNNNNNNNNNNNNNNNNN	1861	0.21749979255124569	No Hit
>>END_MODULE
>>Adapter Content	pass
#Position	Illumina Universal Adapter	Illumina Small RNA 3' Adapter	Illumina Small RNA 5' Adapter	Nextera Transposase Sequence	SOLID Small RNA Adapter
1	0.0	0.0	0.0	0.0	0.0
2	0.0	0.0	2.3374507528344513E-4	0.0	0.0
3	0.0	0.0	2.3374507528344513E-4	0.0	0.0
4	0.0	0.0	3.5061761292516766E-4	0.0	0.0
5	1.1687253764172257E-4	0.0	3.5061761292516766E-4	0.0	0.0
6	1.1687253764172257E-4	0.0	4.6749015056689027E-4	0.0	0.0
7	2.3374507528344513E-4	0.0	4.6749015056689027E-4	0.0	0.0
8	2.3374507528344513E-4	0.0	4.6749015056689027E-4	0.0	0.0
9	3.5061761292516766E-4	0.0	5.843626882086128E-4	0.0	0.0
10-14	3.5061761292516766E-4	7.012352258503355E-5	6.778607183219908E-4	0.0	2.1037056775510062E-4
15-19	3.5061761292516766E-4	1.1687253764172258E-4	7.246097333786798E-4	0.0	3.5061761292516766E-4
20-24	4.674901505668903E-4	1.1687253764172258E-4	8.882312860770914E-4	0.0	3.5061761292516766E-4
25-29	8.18107763492058E-4	1.1687253764172258E-4	0.001005103823718814	0.0	4.674901505668902E-4
30-34	0.0018699606022675608	1.1687253764172258E-4	0.001051852838775503	0.0	7.713587484353689E-4
35-39	0.0040204152948752556	1.1687253764172258E-4	0.001051852838775503	0.0	0.001005103823718814
40-44	0.007269471841315144	1.1687253764172258E-4	0.001051852838775503	0.0	0.0011219763613605366
45-49	0.010448404865169998	1.1687253764172258E-4	0.0011687253764172255	0.0	0.0014024704517006706
50-54	0.013861082964308293	1.1687253764172258E-4	0.0014024704517006706	0.0	0.0017063390495691492
55-59	0.019237219695827534	1.1687253764172258E-4	0.0015193429893423933	0.0	0.002103705677551006
60-64	0.024730228964988495	1.1687253764172258E-4	0.0015193429893423933	0.0	0.0024543232904761735
65-69	0.03321517519777755	1.869960602267561E-4	0.0017530880646258386	0.0	0.002688068365759619
70-74	0.04312596638979563	5.843626882086128E-4	0.002010207647437628	0.0	0.0027581918883446523
75-79	0.053831490837777406	5.843626882086128E-4	0.0023140762453061066	0.0	0.00310880950126982
80-84	0.06427989570294741	5.843626882086128E-4	0.0025478213205895515	0.0	0.0032958055614965764
85-89	0.07874871586299266	5.843626882086128E-4	0.002828315410929686	0.0	0.003459427114194988
90-94	0.096887333704988	5.843626882086128E-4	0.0031555585163265095	0.0	0.0039736662798185675
95-99	0.1145350868888881	5.843626882086128E-4	0.0032958055614965764	0.0	0.004324283892743735
100-104	0.13706811214621223	5.843626882086128E-4	0.0036697976819500882	0.0	0.004347658400272079
105-109	0.16121397842299212	6.077371957369573E-4	0.0039035427572335344	0.0	0.004581403475555524
110-114	0.19096972650657468	7.012352258503353E-4	0.0039736662798185675	0.0	0.004698276013197247
115-119	0.22346029197097353	7.012352258503353E-4	0.0039736662798185675	0.0	0.00481514855083897
120-124	0.2570962083042613	7.012352258503353E-4	0.0039736662798185675	0.0	0.0050255191185940695
125-129	0.28297178813813867	8.18107763492058E-4	0.0039736662798185675	0.0	0.005306013208934204
130-134	0.30295699207487325	8.882312860770914E-4	0.0039736662798185675	0.0	0.0056098818068026825
135-139	0.3231993155944196	9.349803011337806E-4	0.003997040787346912	0.0	0.0057968778670294385
140	0.32502252718163044	9.349803011337805E-4	0.00409053881746029	0.0	0.006077371957369573
>>END_MODULE
