##FastQC	0.11.9
>>Basic Statistics	pass
#Measure	Value
Filename	ERR3077930_1.fastq
File type	Conventional base calls
Encoding	Sanger / Illumina 1.9
Total Sequences	875352
Sequences flagged as poor quality	0
Sequence length	35-151
%GC	65
>>END_MODULE
>>Per base sequence quality	pass
#Base	Mean	Median	Lower Quartile	Upper Quartile	10th Percentile	90th Percentile
1	32.33082005867354	33.0	32.0	33.0	32.0	34.0
2	32.31586493205019	33.0	32.0	34.0	32.0	34.0
3	32.44737317102149	33.0	32.0	34.0	32.0	34.0
4	32.53830344821284	33.0	32.0	34.0	32.0	34.0
5	32.260386678730384	33.0	32.0	34.0	32.0	34.0
6	33.68712472239739	34.0	33.0	37.0	32.0	37.0
7	33.64463552947843	34.0	33.0	37.0	31.0	37.0
8	33.73925003884152	34.0	33.0	37.0	32.0	37.0
9	33.80557307231834	34.0	33.0	37.0	32.0	37.0
10-14	34.698987378791614	35.6	34.6	37.4	32.2	37.4
15-19	36.18233373545728	38.0	37.0	38.0	33.0	38.0
20-24	36.54045801003482	38.0	37.0	38.4	34.0	38.4
25-29	36.47342189199316	38.0	37.0	39.0	33.4	39.0
30-34	36.51053747520997	38.0	37.0	39.0	33.8	39.0
35-39	36.44408997037177	38.0	37.0	39.0	33.4	39.0
40-44	36.31388529816587	38.0	37.0	39.0	32.6	39.0
45-49	36.198602184384754	38.0	37.0	39.0	32.2	39.0
50-54	36.10546177125188	38.0	36.6	39.0	32.0	39.0
55-59	36.10035648558132	38.0	37.0	39.0	32.0	39.0
60-64	35.863988556079846	38.0	36.2	39.0	30.6	39.0
65-69	35.8427584861445	38.0	36.2	39.0	30.4	39.0
70-74	35.81430292501801	38.0	36.4	39.0	30.6	39.0
75-79	35.64814001486909	38.0	36.0	39.0	30.0	39.0
80-84	35.475838858894235	38.0	36.0	39.0	30.0	39.0
85-89	35.16074885989179	38.0	35.0	38.4	27.8	39.0
90-94	35.05916300452907	38.0	34.8	38.0	27.2	39.0
95-99	35.13084453191358	38.0	35.0	38.0	27.4	39.0
100-104	34.71959062889211	38.0	34.0	38.0	26.2	39.0
105-109	34.54048458805918	38.0	34.0	38.0	25.2	39.0
110-114	34.43564003376748	38.0	34.0	38.0	24.6	39.0
115-119	34.05407613277004	37.6	33.8	38.0	24.0	39.0
120-124	33.84457601519126	37.0	33.2	38.0	22.4	39.0
125-129	33.552694768630616	37.0	32.8	38.0	20.4	38.6
130-134	33.090221894426406	37.0	32.0	38.0	15.0	38.0
135-139	32.8356037445686	37.0	32.0	38.0	14.4	38.0
140-144	32.605868927691965	37.0	31.6	37.0	14.0	38.0
145-149	32.18021440682253	37.0	31.0	37.0	14.0	38.0
150-151	30.422712734800108	35.0	27.5	37.0	13.0	37.5
>>END_MODULE
>>Per tile sequence quality	pass
#Tile	Base	Mean
1101	1	-0.09156140450810568
1101	2	0.04962701062837738
1101	3	0.07887141774248363
1101	4	0.02947873679507751
1101	5	0.02744688643489468
1101	6	0.21650896975919665
1101	7	0.3040924150364219
1101	8	0.2520490486175433
1101	9	0.35044254616872905
1101	10-14	0.1391255421854254
1101	15-19	0.17866208799546968
1101	20-24	0.2471527346002631
1101	25-29	0.2732429402975427
1101	30-34	0.23386915142651077
1101	35-39	0.19563962131050516
1101	40-44	0.1747115885485897
1101	45-49	0.239089101033521
1101	50-54	0.31077268523672785
1101	55-59	0.17267496538853067
1101	60-64	0.3129612959506929
1101	65-69	0.2398212995052873
1101	70-74	0.2548947070149836
1101	75-79	0.1387793809660991
1101	80-84	0.2658595875405183
1101	85-89	0.3649688260985684
1101	90-94	0.2020119346938003
1101	95-99	0.0832637712681219
1101	100-104	0.2183398870714015
1101	105-109	0.25943076551430266
1101	110-114	0.17516128636727046
1101	115-119	0.20137069962298426
1101	120-124	0.17811596160422738
1101	125-129	0.3959225557816666
1101	130-134	0.4171123395793259
1101	135-139	0.37198606170506565
1101	140-144	0.4532844103649438
1101	145-149	0.44581218610699835
1101	150-151	0.26692194617365317
1102	1	0.07989337064075386
1102	2	0.005510158544389299
1102	3	0.10730382529497717
1102	4	0.11225216205361477
1102	5	0.07020855989149055
1102	6	0.014379347383766117
1102	7	0.10773322121003304
1102	8	0.3271980027071706
1102	9	0.2684789179957434
1102	10-14	0.17083452839663948
1102	15-19	0.2530845065163092
1102	20-24	0.18424929523956024
1102	25-29	0.06553581478829784
1102	30-34	0.21218979934251792
1102	35-39	0.2494784938298551
1102	40-44	0.22823388748054185
1102	45-49	0.3034058736774341
1102	50-54	0.2955960006804119
1102	55-59	0.3689867510432805
1102	60-64	0.20454704047067906
1102	65-69	0.30550553193238983
1102	70-74	0.31312717612345864
1102	75-79	0.25044359861052357
1102	80-84	0.37405740304564716
1102	85-89	0.4240489039534765
1102	90-94	0.22786988638955563
1102	95-99	0.37946617360938717
1102	100-104	0.28287127239688203
1102	105-109	0.3927293090976107
1102	110-114	0.5286865426419567
1102	115-119	0.2806827319128331
1102	120-124	0.3714402659677134
1102	125-129	0.5676530847390069
1102	130-134	0.6251208100240433
1102	135-139	0.7757956643913388
1102	140-144	0.7024542253231232
1102	145-149	0.6660891762154861
1102	150-151	0.4939523405551931
1103	1	-0.019527541302046814
1103	2	0.07143258809760766
1103	3	-0.001505771433912173
1103	4	0.028427932124834854
1103	5	-0.017852103782843187
1103	6	0.28137821084471426
1103	7	0.13179663955519771
1103	8	0.1622138285165633
1103	9	0.2696626274246441
1103	10-14	0.13976663559029134
1103	15-19	0.3250223159853718
1103	20-24	0.07876203564160278
1103	25-29	0.2615534286219301
1103	30-34	0.19316429579380667
1103	35-39	0.21179443817223387
1103	40-44	-0.016743630025331413
1103	45-49	0.16358309821990247
1103	50-54	0.1713645780581885
1103	55-59	0.22496912861412
1103	60-64	0.09727105304161654
1103	65-69	0.151948258597848
1103	70-74	0.1350085868444424
1103	75-79	0.16202716118859684
1103	80-84	0.4112612980838861
1103	85-89	0.21233903059579262
1103	90-94	0.12479282318906826
1103	95-99	0.29945543593308344
1103	100-104	-0.0652147500943272
1103	105-109	-0.21001382789634704
1103	110-114	0.03487274250299777
1103	115-119	-0.649706599178927
1103	120-124	-0.7694040526927495
1103	125-129	-0.2576946756694056
1103	130-134	-0.6381021609870317
1103	135-139	-1.4163256657969754
1103	140-144	-1.5884461374518288
1103	145-149	-1.9248121434289693
1103	150-151	-1.5328754219526566
1104	1	-0.005304022618339843
1104	2	-0.11952161141886819
1104	3	-0.02533872005278681
1104	4	0.027982673802952718
1104	5	-0.051667286793453115
1104	6	0.15390562330249935
1104	7	0.032716922910438484
1104	8	0.07927591869628259
1104	9	0.14667532175927533
1104	10-14	0.062120620925583125
1104	15-19	0.24409860374349535
1104	20-24	0.030602537749871317
1104	25-29	0.1645032749432147
1104	30-34	0.22485881678083786
1104	35-39	0.1299735614855777
1104	40-44	0.2600806576565873
1104	45-49	0.11814227864046956
1104	50-54	0.21056912254383064
1104	55-59	0.3047894885671525
1104	60-64	0.3520691481308802
1104	65-69	0.297739537533694
1104	70-74	0.2980475038943524
1104	75-79	0.154586545812208
1104	80-84	0.22332347395243346
1104	85-89	0.19901021272923458
1104	90-94	0.04068750528706033
1104	95-99	0.20157144867911114
1104	100-104	0.22351460686211766
1104	105-109	0.23667261961720243
1104	110-114	0.34200574680294693
1104	115-119	0.26151109640177594
1104	120-124	0.08530059928317257
1104	125-129	0.15286668888309407
1104	130-134	0.37025417526678694
1104	135-139	-0.04075652824767673
1104	140-144	0.012118949285238045
1104	145-149	0.328084312492706
1104	150-151	0.013005292113238198
1105	1	0.02004315690972902
1105	2	-0.0183967152781932
1105	3	0.09521197229982192
1105	4	-0.08576791462602529
1105	5	0.009112191890629617
1105	6	-0.039412910345347996
1105	7	-0.2414781705565261
1105	8	0.041306133720453886
1105	9	-0.3419922177972978
1105	10-14	-0.28869800404130075
1105	15-19	-0.1601818151407599
1105	20-24	0.12231489565874654
1105	25-29	0.2697913517643826
1105	30-34	0.28949168082866095
1105	35-39	0.24156529853959796
1105	40-44	0.2476418263743696
1105	45-49	-0.08315262687403902
1105	50-54	0.22885978319500566
1105	55-59	0.3576641795481521
1105	60-64	0.303451886238399
1105	65-69	0.20765243539327827
1105	70-74	0.32048343107268096
1105	75-79	0.27267139047387445
1105	80-84	0.02709832624868369
1105	85-89	0.25316775848722983
1105	90-94	0.25661071058512874
1105	95-99	0.2261650062455729
1105	100-104	0.2976135703863676
1105	105-109	0.10760053954880533
1105	110-114	0.1298781354252867
1105	115-119	0.22317924743472162
1105	120-124	-0.055632493969305585
1105	125-129	-0.390431334594048
1105	130-134	-0.09285800602131644
1105	135-139	0.2146425990558214
1105	140-144	0.0018393120189656997
1105	145-149	0.5967990579372895
1105	150-151	0.26802942862984125
1106	1	-0.01829151102439397
1106	2	-0.09389899187789297
1106	3	0.027869694684838464
1106	4	0.022761944815130164
1106	5	0.02092433004391836
1106	6	0.02826178930806833
1106	7	0.12191274711661748
1106	8	-0.005838639352383268
1106	9	-0.14664626962074578
1106	10-14	0.019251795318254494
1106	15-19	0.21598649275737358
1106	20-24	0.1269425215676776
1106	25-29	0.24012028992160594
1106	30-34	0.10820671408314553
1106	35-39	0.12269567673617132
1106	40-44	0.26689401852099337
1106	45-49	0.3250786514608137
1106	50-54	0.40482584820029643
1106	55-59	0.30388398752992885
1106	60-64	0.13453071212767043
1106	65-69	0.12874575961472345
1106	70-74	0.15587699615769424
1106	75-79	0.26947666729279973
1106	80-84	0.4080835486359078
1106	85-89	0.5330783903499423
1106	90-94	0.3606184207345322
1106	95-99	0.20928257815959483
1106	100-104	0.34117354997451343
1106	105-109	0.43226488824261367
1106	110-114	0.31971544653281825
1106	115-119	0.3342115372358876
1106	120-124	0.3383913575231361
1106	125-129	0.28280470045799433
1106	130-134	0.4359297643389013
1106	135-139	0.5487993754227745
1106	140-144	0.615122540662135
1106	145-149	0.6549268264724475
1106	150-151	0.6247501791059555
1107	1	0.08903242541516931
1107	2	0.023982829042701326
1107	3	-0.01965080092759308
1107	4	0.0499518825751295
1107	5	0.19164765369831827
1107	6	0.28429509507888895
1107	7	-0.32783133816051446
1107	8	-0.5854181828402574
1107	9	-0.2401480868236021
1107	10-14	-0.0364924245665037
1107	15-19	-0.039478736812718296
1107	20-24	0.024838476288245204
1107	25-29	0.07249246075790694
1107	30-34	0.13699239311448252
1107	35-39	0.010853742555326562
1107	40-44	0.2124232451080843
1107	45-49	-0.08259772629040896
1107	50-54	-0.06033778153616254
1107	55-59	-0.06805194273421478
1107	60-64	0.05863883912625312
1107	65-69	-0.019731086089727512
1107	70-74	0.03840022099701912
1107	75-79	0.08006440191970654
1107	80-84	-0.12367145717686867
1107	85-89	0.2001878547845024
1107	90-94	0.22555135687449734
1107	95-99	-0.0485078738728717
1107	100-104	0.16951006967203597
1107	105-109	0.24614660799551302
1107	110-114	0.02916830677538229
1107	115-119	0.2375679247439635
1107	120-124	0.042201507955951456
1107	125-129	-0.14698392908906044
1107	130-134	0.3492163137095119
1107	135-139	-0.052361688691711095
1107	140-144	0.13027038066948649
1107	145-149	0.40535259377131183
1107	150-151	0.3633023006796954
1108	1	0.07696673231409079
1108	2	-0.06354212556330197
1108	3	-3.502878060643866E-4
1108	4	0.0351407796702361
1108	5	-0.004510868924498368
1108	6	-0.2787928902660255
1108	7	-0.19805488950330385
1108	8	-0.4335188107771586
1108	9	0.1806833248572488
1108	10-14	-0.05583962174899426
1108	15-19	-0.11112724050390455
1108	20-24	0.018593938887775607
1108	25-29	-0.10230757987899608
1108	30-34	0.1307163298628211
1108	35-39	0.1291496130637384
1108	40-44	0.014613799329630695
1108	45-49	0.06378195329357794
1108	50-54	0.02563703173719034
1108	55-59	0.04615654323863083
1108	60-64	0.13332946458874062
1108	65-69	0.2075283368702756
1108	70-74	0.1717076853289825
1108	75-79	0.07488746442518135
1108	80-84	0.17371763812420227
1108	85-89	0.2749011518380371
1108	90-94	0.2605821670364392
1108	95-99	-0.10200878452207718
1108	100-104	0.16795214215313337
1108	105-109	0.2319895345549483
1108	110-114	0.2270796881967314
1108	115-119	0.2155491005873813
1108	120-124	0.3783055740886283
1108	125-129	0.1788605268626995
1108	130-134	0.5355774125684079
1108	135-139	0.31598560072632864
1108	140-144	0.3711797313842311
1108	145-149	0.49091748769344434
1108	150-151	0.3335059893141512
1109	1	0.007712766871094345
1109	2	0.10903264210811159
1109	3	-0.058442338933609506
1109	4	0.043204781407077064
1109	5	-0.02701981164867817
1109	6	-0.09448085901868808
1109	7	0.06435013181304328
1109	8	0.23245206856727663
1109	9	0.2551697100078698
1109	10-14	0.20615236436576367
1109	15-19	-0.2012243595383083
1109	20-24	-0.08518652867338261
1109	25-29	-0.2329213504658938
1109	30-34	-0.17005586035482878
1109	35-39	0.014243010956583646
1109	40-44	0.07227348687747082
1109	45-49	0.11025160624190278
1109	50-54	-0.03364081635110239
1109	55-59	-0.0544698998374642
1109	60-64	0.30149816801110774
1109	65-69	0.1813934717246184
1109	70-74	0.16272603646778805
1109	75-79	0.14534079616933582
1109	80-84	0.1422623181240681
1109	85-89	0.26598764297422406
1109	90-94	0.34206245098240373
1109	95-99	0.07526883691824793
1109	100-104	0.22954504480682658
1109	105-109	0.28448116946199065
1109	110-114	0.2858199152496823
1109	115-119	0.08663666574630469
1109	120-124	0.36820057873853784
1109	125-129	-0.05953039874947308
1109	130-134	0.29915832500099526
1109	135-139	0.34071936057862473
1109	140-144	0.40720543494347794
1109	145-149	0.5080826019907576
1109	150-151	0.032732139762661205
1110	1	-0.06694210091375652
1110	2	-0.14033367614954528
1110	3	-0.04945777031912968
1110	4	0.032007619978642765
1110	5	0.0915964371409288
1110	6	-0.2447530649006282
1110	7	0.17654628217377422
1110	8	-0.08231030632468617
1110	9	-0.0996308652561737
1110	10-14	-0.208656389778632
1110	15-19	-0.39259441072083945
1110	20-24	0.11866573203287345
1110	25-29	-0.0911148100233774
1110	30-34	-0.0072740610253561044
1110	35-39	0.038742593523743096
1110	40-44	0.14453281106828086
1110	45-49	0.19078795204342924
1110	50-54	-0.37079098775406294
1110	55-59	0.14041345618581857
1110	60-64	0.2609699863982584
1110	65-69	0.13014689377067157
1110	70-74	0.1170495731712009
1110	75-79	0.28141136457401217
1110	80-84	-0.12013741567691483
1110	85-89	0.3234553596472125
1110	90-94	0.3966098931386739
1110	95-99	-0.03164022570987868
1110	100-104	0.10892725068219988
1110	105-109	0.050119300360968566
1110	110-114	-0.2240733274204132
1110	115-119	0.08497389611979145
1110	120-124	0.04999986367087672
1110	125-129	-0.35124474186934407
1110	130-134	-0.06426538034043716
1110	135-139	-0.2069744592236873
1110	140-144	0.03230461869740964
1110	145-149	0.23980273043263622
1110	150-151	0.36445137354865054
1111	1	0.07645629069632065
1111	2	-0.18215307698305594
1111	3	0.05986079293461444
1111	4	0.02326601008127227
1111	5	0.040836834175443926
1111	6	0.19894460609488362
1111	7	0.21876454460912242
1111	8	0.1644916977106874
1111	9	-0.0032502950547623755
1111	10-14	0.18810191015346334
1111	15-19	-0.029007505456732474
1111	20-24	0.1237390779756069
1111	25-29	0.05070826077095347
1111	30-34	0.13513215865060602
1111	35-39	0.005369034728509803
1111	40-44	0.11422684956551876
1111	45-49	0.223802462467944
1111	50-54	0.20900220303023787
1111	55-59	0.14447963972669697
1111	60-64	0.14420100663560476
1111	65-69	0.05137447411740226
1111	70-74	-0.05096863440348898
1111	75-79	0.01886477252065788
1111	80-84	0.01672958521697865
1111	85-89	0.06458157338376935
1111	90-94	-0.0924406965213862
1111	95-99	0.09560730411755003
1111	100-104	0.05095888048501962
1111	105-109	0.05312645671423866
1111	110-114	0.20488765360663308
1111	115-119	0.10122245774002181
1111	120-124	0.2140153661178985
1111	125-129	0.41582925144946614
1111	130-134	0.35413003721773606
1111	135-139	0.4005130356017048
1111	140-144	0.0890916073860879
1111	145-149	0.31347987819979295
1111	150-151	0.3627232407377612
1112	1	0.007484588889255406
1112	2	0.0513459482034051
1112	3	0.04035363562964278
1112	4	0.04411259033649628
1112	5	0.08507893925602161
1112	6	0.14526122065955605
1112	7	0.4231016437278967
1112	8	0.23522094237505087
1112	9	0.10484643272334893
1112	10-14	0.30248403558278625
1112	15-19	0.3147960165668948
1112	20-24	0.015229415272536073
1112	25-29	-0.044553053099818385
1112	30-34	0.03533651337129129
1112	35-39	-0.06452072621510041
1112	40-44	0.00801951011423796
1112	45-49	-0.061180287877917294
1112	50-54	0.01792047872626057
1112	55-59	0.03945114158577212
1112	60-64	0.019521524683867142
1112	65-69	0.0620395721963618
1112	70-74	-0.06975079580355725
1112	75-79	-0.02669572315404878
1112	80-84	0.019685745913335495
1112	85-89	0.13742005124552037
1112	90-94	0.09769342528462488
1112	95-99	0.058174200203488624
1112	100-104	-0.001749458448799146
1112	105-109	-0.11313677206651818
1112	110-114	0.16539425005080233
1112	115-119	0.25126702495307995
1112	120-124	0.125217825958444
1112	125-129	0.07001126361615917
1112	130-134	0.1454279254171169
1112	135-139	0.37923283587736734
1112	140-144	0.22843241516551416
1112	145-149	0.24667869132865405
1112	150-151	0.2790320016970149
1113	1	0.022044978061828147
1113	2	-0.25039777418564313
1113	3	-0.00469500171647752
1113	4	0.012506710972758128
1113	5	0.05282576746778744
1113	6	0.15221850710933182
1113	7	0.11578268171333406
1113	8	0.27515877425541646
1113	9	0.11202790967933396
1113	10-14	0.0796481751396243
1113	15-19	0.1868547755146821
1113	20-24	0.0108586598999878
1113	25-29	-2.6007614881251584E-4
1113	30-34	0.08262677900105331
1113	35-39	0.21129615189792617
1113	40-44	0.31248086511106266
1113	45-49	0.2766410742640488
1113	50-54	0.23243112213805261
1113	55-59	0.1840132406135666
1113	60-64	0.027116990197399105
1113	65-69	0.21717433449720147
1113	70-74	0.207382336291154
1113	75-79	0.22962919614347044
1113	80-84	0.12446152022735646
1113	85-89	-0.22642327366127546
1113	90-94	-0.08500877555140818
1113	95-99	0.238815982678652
1113	100-104	0.13471798649179334
1113	105-109	0.2252699652809227
1113	110-114	0.27836439537069424
1113	115-119	0.2447765202772132
1113	120-124	0.33016524830755145
1113	125-129	0.042144268933888895
1113	130-134	0.15407770673262888
1113	135-139	0.2739954174919177
1113	140-144	0.3866732851373129
1113	145-149	0.16451072079044593
1113	150-151	0.023848593739455026
1114	1	0.07603269260987844
1114	2	0.06316217274185476
1114	3	0.09123529120390828
1114	4	-0.004345940479012711
1114	5	-0.05051693824238157
1114	6	0.32893523064181096
1114	7	0.3657778135653871
1114	8	0.4399525498183863
1114	9	0.36630424310658327
1114	10-14	0.33766378145291753
1114	15-19	0.3457412496586372
1114	20-24	0.05814571718807571
1114	25-29	0.08316122684813365
1114	30-34	0.11691476460573114
1114	35-39	0.11331956685214806
1114	40-44	-0.03296660066342838
1114	45-49	0.14792925149684777
1114	50-54	0.16424631647090138
1114	55-59	0.13254974477357706
1114	60-64	-0.18655816044491047
1114	65-69	0.1356557198527284
1114	70-74	0.009649465164542903
1114	75-79	0.12901094704854188
1114	80-84	0.28924768936999357
1114	85-89	0.05287747021202449
1114	90-94	-0.07302196932671734
1114	95-99	0.17282630002765131
1114	100-104	0.10781855616335179
1114	105-109	0.02909496074668283
1114	110-114	0.31506549016702223
1114	115-119	0.21566740275954288
1114	120-124	0.32684034896241343
1114	125-129	0.23409209314817758
1114	130-134	-0.1705361862629431
1114	135-139	0.3927081147317253
1114	140-144	0.3436366098862891
1114	145-149	-0.16386242500486503
1114	150-151	0.295267644583749
2101	1	0.11548464284341975
2101	2	0.2497684632768511
2101	3	0.13269214406672347
2101	4	0.11758467579988974
2101	5	0.25125507263071967
2101	6	0.23499913829851948
2101	7	0.27760816543770517
2101	8	0.1275270783125677
2101	9	0.26753173156198784
2101	10-14	0.25043593544385345
2101	15-19	0.06447498927958151
2101	20-24	0.10134876188758568
2101	25-29	0.17796053660572397
2101	30-34	0.17118325656294076
2101	35-39	0.07423766098364126
2101	40-44	0.09275153391337909
2101	45-49	0.11967760472049349
2101	50-54	0.12395965176618517
2101	55-59	-0.040438906566500066
2101	60-64	-0.06426180937435788
2101	65-69	0.12156546849111294
2101	70-74	0.061355817808383506
2101	75-79	0.013221051201071532
2101	80-84	0.18996747524776225
2101	85-89	0.21959200172689464
2101	90-94	0.068985821361359
2101	95-99	0.09499251403702402
2101	100-104	-0.002017550699534354
2101	105-109	0.1036548982033807
2101	110-114	0.04219800065146728
2101	115-119	-0.00482245230594458
2101	120-124	0.1403644659798715
2101	125-129	0.13300475167346804
2101	130-134	0.19093319514667684
2101	135-139	0.3086306089128925
2101	140-144	0.09838773889811137
2101	145-149	0.12477086515594493
2101	150-151	-0.05317835403623761
2102	1	0.10460562908615145
2102	2	0.036903184796670985
2102	3	-0.0035187078282916673
2102	4	0.03579967612971302
2102	5	0.015873174758439745
2102	6	-0.16079818940583834
2102	7	0.1469925699614052
2102	8	-0.18858145529635095
2102	9	-0.07759092578169913
2102	10-14	0.0942234710830192
2102	15-19	-0.11602590124132206
2102	20-24	-0.03505837107488219
2102	25-29	-0.1695605903612929
2102	30-34	0.008618702959445557
2102	35-39	0.012401003449831194
2102	40-44	0.06117492365838473
2102	45-49	-0.1195586042079384
2102	50-54	0.01469572263874852
2102	55-59	-0.04751608105480898
2102	60-64	-0.07568768957274585
2102	65-69	-0.07796619591648835
2102	70-74	-0.1403572884062072
2102	75-79	-0.13880143887023877
2102	80-84	-0.03577499095186454
2102	85-89	0.006423874418004516
2102	90-94	-0.1508382618184001
2102	95-99	-0.10414501048720126
2102	100-104	-0.3278922556722108
2102	105-109	-0.06693848473005204
2102	110-114	0.23751593773982194
2102	115-119	0.1432889973640883
2102	120-124	-0.008721584923087278
2102	125-129	0.19048261208371997
2102	130-134	0.17952582176155119
2102	135-139	0.3307434999397003
2102	140-144	0.34749402578327704
2102	145-149	0.05314400791058205
2102	150-151	0.24042800646315143
2103	1	0.06068906726741119
2103	2	0.1384990569033988
2103	3	-0.03423235235925404
2103	4	-0.005897042660123475
2103	5	-0.08817749820573795
2103	6	0.12989077973622187
2103	7	-0.2610198880485797
2103	8	-0.166524856042777
2103	9	0.1622965213902532
2103	10-14	0.16784801510961245
2103	15-19	0.25460332117564377
2103	20-24	0.01212717667443286
2103	25-29	0.11364712884365247
2103	30-34	-0.024693307549533472
2103	35-39	0.029194793176017697
2103	40-44	-0.27407806780964705
2103	45-49	0.04650250402653455
2103	50-54	-0.13907613774085803
2103	55-59	-0.33954258439919727
2103	60-64	-0.13593448070479752
2103	65-69	-0.1614897346390407
2103	70-74	-0.18873567181588413
2103	75-79	-0.3568274408457768
2103	80-84	0.04727427828512987
2103	85-89	-0.05620906480420018
2103	90-94	-0.20588970227942838
2103	95-99	-0.191543428002376
2103	100-104	-0.42421786922496096
2103	105-109	-0.40066818196080334
2103	110-114	-0.11617662069670587
2103	115-119	-0.6771486951474515
2103	120-124	-0.5470854718561498
2103	125-129	-0.5020292043828789
2103	130-134	-0.6668873882413706
2103	135-139	-0.9798529743518358
2103	140-144	-1.1507557665369532
2103	145-149	-1.7420745225759902
2103	150-151	-1.97437700586352
2104	1	-0.04151758078595691
2104	2	-0.0529278714161876
2104	3	-0.04211604949211534
2104	4	-5.474755247121266E-4
2104	5	-0.017333585386865025
2104	6	0.09875913358619215
2104	7	-0.037511041713251814
2104	8	-0.005579965143923005
2104	9	0.1901906621582441
2104	10-14	-0.03891656135323984
2104	15-19	0.054573211848676806
2104	20-24	-0.0740967739187397
2104	25-29	0.05949498813502885
2104	30-34	-0.13537011790508302
2104	35-39	-0.09966282660909087
2104	40-44	0.01413389354765826
2104	45-49	0.09416344900246543
2104	50-54	-0.03586216933913988
2104	55-59	-0.019213531170827025
2104	60-64	-0.17722709699946648
2104	65-69	-0.4256384329295315
2104	70-74	-0.1868830209455581
2104	75-79	0.04039115524097525
2104	80-84	0.25458397429765967
2104	85-89	0.2653713839720737
2104	90-94	0.14674746939457606
2104	95-99	0.04098217168661478
2104	100-104	-0.11573702100577066
2104	105-109	-0.014652320994251511
2104	110-114	-0.17804214864978007
2104	115-119	0.10543211763650362
2104	120-124	-0.04389216581115818
2104	125-129	0.0493938637565563
2104	130-134	0.15223772482669773
2104	135-139	0.027583587141506882
2104	140-144	0.06739476271034306
2104	145-149	0.23870870988646686
2104	150-151	-0.10667309133630098
2105	1	-0.05102273888527975
2105	2	0.053367007148906964
2105	3	-0.010811297984723467
2105	4	-0.039477421868802764
2105	5	-0.06029319707241143
2105	6	-0.4299989460376068
2105	7	-0.6204337244903755
2105	8	-0.09180381324745213
2105	9	-0.3622681793010045
2105	10-14	-0.5404700562836098
2105	15-19	-0.36607186294399696
2105	20-24	0.048919175101303836
2105	25-29	-0.28865532866556975
2105	30-34	-0.022695175295829983
2105	35-39	-0.03700579412230809
2105	40-44	-0.013962738288576304
2105	45-49	-0.12419383230408698
2105	50-54	0.06378624500899832
2105	55-59	-0.04425650458215813
2105	60-64	-0.5033526038837906
2105	65-69	-0.32455066316190795
2105	70-74	-0.28082143013014615
2105	75-79	-0.12622286396543814
2105	80-84	-0.13163079852044035
2105	85-89	-0.16474638663351726
2105	90-94	0.023948553846757648
2105	95-99	0.02062606874901718
2105	100-104	0.05264528280864056
2105	105-109	-0.010209253571865418
2105	110-114	0.021677509855088317
2105	115-119	0.08536686153520634
2105	120-124	-0.11699690787506256
2105	125-129	0.05823445316151776
2105	130-134	0.19629590318594836
2105	135-139	0.2505754303363261
2105	140-144	-0.057745886935009594
2105	145-149	0.37619210016720217
2105	150-151	0.5920981761885962
2106	1	0.00807159565642479
2106	2	0.08077479772939711
2106	3	0.0043651039879577525
2106	4	0.04750111257658318
2106	5	0.1442196735359147
2106	6	0.04513331164797307
2106	7	0.295729569528028
2106	8	0.056072678923563046
2106	9	-0.009869542511758311
2106	10-14	-0.04913363023971584
2106	15-19	0.060179836432453726
2106	20-24	0.05786880074044376
2106	25-29	-0.013040685072645886
2106	30-34	-0.022121079735057947
2106	35-39	0.008099058417840865
2106	40-44	-0.14889583133331996
2106	45-49	0.10139722100838355
2106	50-54	0.23880822005103397
2106	55-59	-0.0813479039865399
2106	60-64	-0.2923479645625022
2106	65-69	-0.0639092098180285
2106	70-74	-0.4672710328188998
2106	75-79	-0.10754300254617277
2106	80-84	-0.05212170875929445
2106	85-89	0.01811835956050345
2106	90-94	0.06727032825187962
2106	95-99	0.018488182275604004
2106	100-104	0.0691741736624607
2106	105-109	0.04294236040952626
2106	110-114	0.04165552833961783
2106	115-119	-0.07203169173647694
2106	120-124	0.08960981436376159
2106	125-129	0.573946994549253
2106	130-134	0.33543381726288857
2106	135-139	0.09658145378052296
2106	140-144	0.16529280539415225
2106	145-149	0.1413320563049183
2106	150-151	0.47001431309939434
2107	1	0.0434274157644694
2107	2	-0.15415386671404008
2107	3	-0.0880083735692665
2107	4	-0.07169673168873913
2107	5	-0.010300132304458032
2107	6	0.14928047742529316
2107	7	-0.6761945313008866
2107	8	-0.5247413048747873
2107	9	-0.2772187613270134
2107	10-14	-0.3525271409491637
2107	15-19	-0.12636484982395046
2107	20-24	0.06763761534984525
2107	25-29	0.04098623246108701
2107	30-34	0.06894826130725562
2107	35-39	-0.08505039236555945
2107	40-44	-0.09243934683694022
2107	45-49	-0.07636318057493696
2107	50-54	0.1906149948447009
2107	55-59	0.08503772683955901
2107	60-64	0.11535029764213789
2107	65-69	0.17344151820525155
2107	70-74	-0.15483032853235557
2107	75-79	-0.014243527664852706
2107	80-84	-0.1746111462594513
2107	85-89	0.3752781712804776
2107	90-94	0.3535333076482843
2107	95-99	0.04000568748102751
2107	100-104	0.20453969920216508
2107	105-109	-0.0835746699818074
2107	110-114	-0.3770065114198431
2107	115-119	-0.055318527005418616
2107	120-124	0.04010411483891829
2107	125-129	0.3639043517861751
2107	130-134	0.16157869344583276
2107	135-139	-0.6689410395566995
2107	140-144	-0.32811310138316685
2107	145-149	-0.4891973338319744
2107	150-151	-0.15519106703503738
2108	1	-0.10951503354036163
2108	2	0.0470127633165518
2108	3	-0.10672334032203423
2108	4	-0.0963008330973949
2108	5	-0.18692139313500178
2108	6	-0.1268310840042446
2108	7	-0.8482899774366999
2108	8	-0.7193790427803037
2108	9	-0.2943188785624571
2108	10-14	-0.4598112857715648
2108	15-19	-0.16740444426260126
2108	20-24	-0.24172764174382166
2108	25-29	-0.08689482851966801
2108	30-34	-0.1926785636272541
2108	35-39	-0.204402887402523
2108	40-44	-0.08211690192823085
2108	45-49	0.01479962863466966
2108	50-54	0.07888124722993695
2108	55-59	-0.08504595063259757
2108	60-64	-0.039656872938529375
2108	65-69	-0.06924130813276719
2108	70-74	0.047112842405759636
2108	75-79	-0.14470148454333298
2108	80-84	-0.10465071949490579
2108	85-89	-0.0369515089016943
2108	90-94	-0.0629800588017062
2108	95-99	-0.14576399326750789
2108	100-104	-0.2109587819338472
2108	105-109	-0.06069890169263914
2108	110-114	-0.2122560780285241
2108	115-119	-0.2196332831129837
2108	120-124	-0.004634564816150544
2108	125-129	-0.20501647409717094
2108	130-134	-0.17039183739556307
2108	135-139	-0.8090684999829136
2108	140-144	-0.6499124610812963
2108	145-149	-0.8179698747134267
2108	150-151	-0.07434061731176556
2109	1	0.03843376566617707
2109	2	0.05322512802396773
2109	3	-0.01138682378990552
2109	4	-0.11237262788759494
2109	5	-0.1648163493428143
2109	6	-0.12666412297345886
2109	7	-0.055751489106953045
2109	8	0.08482517078130769
2109	9	-0.11332317645540968
2109	10-14	-0.12149937560477753
2109	15-19	-0.2027099730041968
2109	20-24	-0.18770623448885004
2109	25-29	-0.328494666575196
2109	30-34	-0.2690001966497846
2109	35-39	-0.2996902528713292
2109	40-44	-0.08212896837284944
2109	45-49	-0.047243604203863754
2109	50-54	-0.32230954948914103
2109	55-59	-0.25459458747226194
2109	60-64	-0.04910276282370063
2109	65-69	-0.13075476670980635
2109	70-74	-0.08999187512457496
2109	75-79	-0.17746497880682455
2109	80-84	-0.12616148118677728
2109	85-89	-0.2025439812151646
2109	90-94	-0.23986397880390342
2109	95-99	-0.2816392340207301
2109	100-104	-0.4024530307710421
2109	105-109	-0.3848678767888245
2109	110-114	-0.46584584515830585
2109	115-119	-0.4219497688118281
2109	120-124	-0.2069223602024408
2109	125-129	-0.4394580324156081
2109	130-134	-0.2071733287161095
2109	135-139	-0.7956790803307001
2109	140-144	0.031890397161177475
2109	145-149	-0.36953835985939065
2109	150-151	-0.4753561441665646
2110	1	-0.06191984179738341
2110	2	0.08428690611050627
2110	3	0.06535932232778663
2110	4	0.045115958642682585
2110	5	0.09884439149220725
2110	6	-0.20455854541275187
2110	7	0.15131531625017658
2110	8	0.09520755333770836
2110	9	-0.7254827319836679
2110	10-14	-0.21064932295281125
2110	15-19	-0.5573020472034571
2110	20-24	-0.05481852298571255
2110	25-29	0.19413661022336726
2110	30-34	-0.1200246870765298
2110	35-39	-0.072909235064607
2110	40-44	-0.025064450031543117
2110	45-49	-0.47521433790411294
2110	50-54	-0.7039054612438349
2110	55-59	-0.09939901492339231
2110	60-64	0.25971625579037294
2110	65-69	0.2888000649518716
2110	70-74	0.11979374435496482
2110	75-79	0.07622140051061876
2110	80-84	-0.16804648099412134
2110	85-89	-0.053789978785545145
2110	90-94	0.2149848732281967
2110	95-99	-0.2382330864034614
2110	100-104	-0.007503785877638336
2110	105-109	-0.08493027459094549
2110	110-114	-0.05603468359038999
2110	115-119	0.1666731508899204
2110	120-124	-0.19922975835305579
2110	125-129	-0.3247683623024713
2110	130-134	0.25400904426840754
2110	135-139	-0.11353241763657707
2110	140-144	0.026447553801176582
2110	145-149	0.5372650104821659
2110	150-151	0.3379400482490347
2111	1	-0.0022070926614148334
2111	2	-0.02278370365733906
2111	3	-0.014385333128593913
2111	4	-0.017873179581229692
2111	5	0.003600671674043099
2111	6	-0.14673362605962126
2111	7	0.12804504015520024
2111	8	0.04680544313765722
2111	9	-0.12312502193390173
2111	10-14	0.08751835973372835
2111	15-19	-0.06577097741472926
2111	20-24	-0.2812592467111088
2111	25-29	-0.0809652676530419
2111	30-34	-0.187532634287777
2111	35-39	-0.2909524205291163
2111	40-44	-0.49548284492286143
2111	45-49	-0.65119616147377
2111	50-54	-0.7848320954600823
2111	55-59	-0.5576568106763986
2111	60-64	-0.5260158179992516
2111	65-69	-0.41434905853576964
2111	70-74	-0.28270017020487614
2111	75-79	-0.35539729849693913
2111	80-84	-0.5042942162196624
2111	85-89	-0.6964914192419656
2111	90-94	-0.727537172020611
2111	95-99	-0.23491123160831506
2111	100-104	-0.25535690756161955
2111	105-109	-0.2611281391346907
2111	110-114	-0.10516158258760555
2111	115-119	-0.3516496975055077
2111	120-124	-0.08653390451070209
2111	125-129	-0.1697927093247955
2111	130-134	-0.07900723029160162
2111	135-139	0.18168494375036914
2111	140-144	0.052465203388443626
2111	145-149	-0.07205100280494037
2111	150-151	0.03597943807874415
2112	1	-0.1069891805432377
2112	2	-0.06351680994878706
2112	3	0.005880122259426912
2112	4	0.015626792002102263
2112	5	-0.06061145735431239
2112	6	-0.1455761933524755
2112	7	0.2633846829159694
2112	8	0.23471333657237636
2112	9	0.03110087427412367
2112	10-14	0.1972950842180481
2112	15-19	0.16646298197287734
2112	20-24	-0.17592333189910647
2112	25-29	-0.08967777802114796
2112	30-34	-0.2606012845835295
2112	35-39	-0.15038040447472412
2112	40-44	-0.23552947264862212
2112	45-49	-0.26118463110138634
2112	50-54	-0.25897054008543563
2112	55-59	-0.23211982778973805
2112	60-64	-0.13699583601839294
2112	65-69	-0.1944377249365843
2112	70-74	-0.019690248682842082
2112	75-79	-0.06809729107644102
2112	80-84	-0.01126429045950772
2112	85-89	-0.2649374571718255
2112	90-94	-0.15789853603254045
2112	95-99	-0.1937475852095787
2112	100-104	-0.07061920585544357
2112	105-109	-0.03568386468143103
2112	110-114	-0.36897446929530275
2112	115-119	0.1393899636725564
2112	120-124	-0.2133565220189766
2112	125-129	-0.2195266426148308
2112	130-134	-0.42098733937754673
2112	135-139	0.15619622751923146
2112	140-144	-0.22376848238821623
2112	145-149	-0.017522294172984232
2112	150-151	-0.3559712483475259
2113	1	-0.1115542480195586
2113	2	0.10117122182430194
2113	3	-0.027547952486521865
2113	4	-0.09268411307769497
2113	5	-0.14104547997732197
2113	6	-0.2027642490703201
2113	7	0.010637421397746039
2113	8	0.01692102698904563
2113	9	0.01903271792445338
2113	10-14	-0.09339958504104118
2113	15-19	-0.0747805010630529
2113	20-24	-0.16072799059057274
2113	25-29	-0.39898749863375826
2113	30-34	-0.34259442999843515
2113	35-39	-0.16019994655459868
2113	40-44	-0.20876200843069626
2113	45-49	-0.2274925641430059
2113	50-54	-0.05959543996275585
2113	55-59	-0.21549250733591663
2113	60-64	-0.17765289928008343
2113	65-69	-0.37788835078425365
2113	70-74	-0.19171253525348675
2113	75-79	-0.4051885125861503
2113	80-84	-0.8139270907396963
2113	85-89	-1.3667915291308645
2113	90-94	-0.6763245644541911
2113	95-99	-0.16958130697058493
2113	100-104	-0.2530318243399421
2113	105-109	-0.39381257330042985
2113	110-114	-0.6670157655996221
2113	115-119	-0.4608921679129452
2113	120-124	-0.37689888615452816
2113	125-129	-0.17345449603810437
2113	130-134	-0.8309330650621121
2113	135-139	-1.8531484308681456E-4
2113	140-144	-0.19563033149272258
2113	145-149	-0.43134609176584604
2113	150-151	-0.11850366901582632
2114	1	-0.1400268220922527
2114	2	-0.05747565530430876
2114	3	-0.21083240028205097
2114	4	-0.19575875927287
2114	5	-0.22240448191993778
2114	6	-0.26078676003004375
2114	7	-0.0697227587603706
2114	8	-0.06769487635886406
2114	9	0.09042141137791049
2114	10-14	0.013623143632422341
2114	15-19	-0.05449576431658443
2114	20-24	-0.15149192567025693
2114	25-29	-0.13990103186351632
2114	30-34	-0.3936082196021218
2114	35-39	-0.3332784334702339
2114	40-44	-0.51602203558285
2114	45-49	-0.32965615327703546
2114	50-54	-0.21265027259407532
2114	55-59	-0.3659239404927561
2114	60-64	-0.3603796744312575
2114	65-69	-0.6405761456010524
2114	70-74	-0.2889030909755306
2114	75-79	-0.4158437315413721
2114	80-84	-0.6013220658738376
2114	85-89	-1.1219234177114998
2114	90-94	-0.9387572123165953
2114	95-99	-0.5132699019952582
2114	100-104	-0.5225495313336594
2114	105-109	-0.5752082343582501
2114	110-114	-0.6085595438296778
2114	115-119	-0.4656145139163925
2114	120-124	-0.44896422017775706
2114	125-129	-0.46922045973559534
2114	130-134	-1.8148770870573685
2114	135-139	-0.28269614830143297
2114	140-144	-0.3686138407917312
2114	145-149	-0.5035749651808139
2114	150-151	-0.5515158336545447
>>END_MODULE
>>Per sequence quality scores	pass
#Quality	Count
2	1154.0
3	0.0
4	0.0
5	0.0
6	0.0
7	0.0
8	0.0
9	0.0
10	0.0
11	0.0
12	0.0
13	0.0
14	0.0
15	1.0
16	11.0
17	95.0
18	350.0
19	751.0
20	1501.0
21	2433.0
22	3726.0
23	5203.0
24	7245.0
25	9611.0
26	12265.0
27	15496.0
28	19033.0
29	22791.0
30	27061.0
31	32127.0
32	38541.0
33	46442.0
34	58517.0
35	77970.0
36	126396.0
37	317094.0
38	49538.0
>>END_MODULE
>>Per base sequence content	warn
#Base	G	A	T	C
1	46.25187886497109	13.967888281602109	5.501499660260032	34.278733193166765
2	30.844728539758727	15.529205054232564	24.84585871850542	28.78020768750329
3	28.069384738926423	17.82582435558077	17.40726929139623	36.69752161409658
4	35.690770283162394	21.619930496294888	13.529543650294325	29.159755570248386
5	33.59341933978344	22.61215422593051	15.066037671099682	28.728388763186373
6	30.984285024674048	24.416207769864492	14.528058860807278	30.071448344654183
7	27.732046973340136	16.208913770107	26.565034465876153	29.494004790676716
8	25.821381426175765	15.838402741712976	19.725622799411575	38.61459303269969
9	31.665595208408163	15.790244315361052	19.365292530982682	33.1788679452481
10-14	32.582229655066705	17.650051818924318	16.503858393636225	33.263860132372756
15-19	32.200554107879455	17.77508070254107	17.0653559033537	32.95900928622578
20-24	32.19199769388628	17.50171013889302	17.411250082933158	32.89504208428754
25-29	32.57573227117884	17.566249293638283	17.43092525949499	32.42709317568789
30-34	32.65800196294204	17.4475805252357	17.313537665380156	32.580879846442116
35-39	32.43602230660227	17.461795549664412	17.482849877152574	32.61933226658074
40-44	32.54609559002401	17.54658349524304	17.439061096270343	32.468259818462606
45-49	32.63522804095115	17.40964999261588	17.33282760505863	32.622294361374344
50-54	32.44481279546736	17.449343696765354	17.48668401866373	32.61915948910356
55-59	32.587092832152706	17.47665439112775	17.41267711651824	32.5235756602013
60-64	32.61650935207815	17.388435666006334	17.381980630744547	32.61307435117098
65-69	32.54087819472129	17.409867348108595	17.408688569452714	32.64056588771741
70-74	32.623035792356944	17.456985979499404	17.43011887823014	32.48985934991351
75-79	32.669403710199056	17.328049066727708	17.358313333561306	32.64423388951193
80-84	32.485227416047344	17.370993885434814	17.46567855791554	32.678100140602304
85-89	32.67925824562589	17.383389927863092	17.364149664844003	32.57320216166701
90-94	32.70990427062196	17.28450510728097	17.34885623420413	32.656734387892925
95-99	32.55113264883555	17.323434101564033	17.406945520605536	32.71848772899488
100-104	32.62475110464858	17.391997217054904	17.397157898207475	32.586093780089044
105-109	32.6961897294178	17.294625792086038	17.314800347734227	32.69438413076194
110-114	32.575406066283186	17.33290017654053	17.39032258769422	32.701371169482066
115-119	32.679324124032654	17.2909567262218	17.428927112958014	32.60079203678753
120-124	32.74315548576608	17.229550666990296	17.303085542186576	32.72420830505704
125-129	32.55653309454144	17.28273838307357	17.408013926631625	32.75271459575336
130-134	32.63823055147545	17.285637089137175	17.387366876243227	32.68876548314415
135-139	32.7408137885221	17.240544722836596	17.252877972918345	32.76576351572296
140-144	32.554475100906934	17.219445255046917	17.402484522722496	32.823595121323656
145-149	32.67772355710941	17.091354727392865	17.438117435156386	32.792804280341336
150-151	35.04702033105181	7.249610696910984	19.56366878607581	38.139700185961395
>>END_MODULE
>>Per sequence GC content	warn
#GC Content	Count
0	1154.0
1	577.0
2	0.0
3	0.0
4	0.0
5	0.0
6	0.0
7	0.0
8	0.0
9	0.0
10	0.0
11	0.0
12	0.0
13	0.0
14	0.0
15	0.0
16	0.0
17	0.0
18	0.0
19	0.0
20	0.0
21	0.0
22	0.0
23	0.0
24	0.0
25	0.0
26	0.5
27	1.0
28	0.5
29	0.0
30	0.0
31	0.0
32	2.0
33	4.0
34	5.0
35	8.5
36	20.5
37	35.0
38	43.5
39	60.0
40	97.5
41	134.5
42	197.5
43	280.0
44	356.5
45	470.0
46	626.5
47	825.5
48	1141.5
49	1553.0
50	2085.5
51	2898.5
52	4041.0
53	5489.5
54	7487.0
55	10122.5
56	13501.5
57	17606.5
58	22620.5
59	28978.0
60	36106.5
61	43511.0
62	50457.0
63	56506.5
64	61490.5
65	64396.5
66	64810.0
67	63419.0
68	59783.5
69	54043.0
70	47115.0
71	39545.0
72	31981.5
73	24784.5
74	18871.0
75	14026.5
76	10002.0
77	7016.5
78	4938.0
79	3547.5
80	2507.5
81	1824.0
82	1403.5
83	1088.0
84	834.0
85	629.5
86	497.5
87	361.5
88	253.5
89	200.5
90	137.0
91	90.0
92	63.5
93	43.5
94	27.5
95	9.5
96	4.5
97	3.5
98	4.0
99	2.5
100	1.0
>>END_MODULE
>>Per base N content	pass
#Base	N-Count
1	0.1318326798819218
2	0.1318326798819218
3	0.1318326798819218
4	0.1318326798819218
5	0.1318326798819218
6	0.1318326798819218
7	0.1318326798819218
8	0.1318326798819218
9	0.1318326798819218
10-14	0.1318326798819218
15-19	0.1318326798819218
20-24	0.1318326798819218
25-29	0.1318326798819218
30-34	0.1318326798819218
35-39	0.026402477165517906
40-44	0.0
45-49	0.0
50-54	0.0
55-59	0.0
60-64	0.0
65-69	0.0
70-74	0.0
75-79	0.0
80-84	0.0
85-89	0.0
90-94	0.0
95-99	0.0
100-104	0.0
105-109	0.0
110-114	0.0
115-119	0.0
120-124	0.0
125-129	0.0
130-134	0.0
135-139	0.0
140-144	0.0
145-149	0.0
150-151	0.0
>>END_MODULE
>>Sequence Length Distribution	warn
#Length	Count
35-39	1876.0
40-44	900.0
45-49	1124.0
50-54	1428.0
55-59	1676.0
60-64	2113.0
65-69	2372.0
70-74	2846.0
75-79	3242.0
80-84	3738.0
85-89	4312.0
90-94	4795.0
95-99	5495.0
100-104	6002.0
105-109	6720.0
110-114	7582.0
115-119	8171.0
120-124	8809.0
125-129	9933.0
130-134	10864.0
135-139	11661.0
140-144	12258.0
145-149	54087.0
150-152	703348.0
>>END_MODULE
>>Sequence Duplication Levels	pass
#Total Deduplicated Percentage	92.2019159579031
#Duplication Level	Percentage of deduplicated	Percentage of total
1	92.65397693351808	85.42874194389726
2	6.639931719469606	12.244288527295035
3	0.5860708796410762	1.6211057397012256
4	0.07564200345527296	0.2789735058188197
5	0.01970830149232465	0.09085715789341668
6	0.008553300958086827	0.047317844166010425
7	0.00472565654123603	0.03050002110826716
8	0.003564092538154204	0.02628929285352668
9	0.0029631426833667293	0.024588668939674922
>10	0.0046162329648739234	0.04915782024684551
>50	0.0	0.0
>100	1.238683689568168E-4	0.02638228118156159
>500	0.0	0.0
>1k	1.238683689568168E-4	0.13179719689836394
>5k	0.0	0.0
>10k+	0.0	0.0
>>END_MODULE
>>Overrepresented sequences	warn
#Sequence	Count	Percentage	Possible Source
NNNNNNNNNNNNNNNNNNNNNNNNNNNNNNNNNNN	1154	0.1318326798819218	No Hit
>>END_MODULE
>>Adapter Content	pass
#Position	Illumina Universal Adapter	Illumina Small RNA 3' Adapter	Illumina Small RNA 5' Adapter	Nextera Transposase Sequence	SOLID Small RNA Adapter
1	0.0	0.0	0.0	0.0	0.0
2	0.0	0.0	0.0	0.0	2.2847951452672753E-4
3	0.0	1.1423975726336377E-4	0.0	0.0	2.2847951452672753E-4
4	0.0	1.1423975726336377E-4	0.0	0.0	2.2847951452672753E-4
5	0.0	1.1423975726336377E-4	0.0	0.0	2.2847951452672753E-4
6	0.0	1.1423975726336377E-4	0.0	0.0	2.2847951452672753E-4
7	0.0	1.1423975726336377E-4	1.1423975726336377E-4	0.0	2.2847951452672753E-4
8	0.0	1.1423975726336377E-4	1.1423975726336377E-4	0.0	3.427192717900913E-4
9	1.1423975726336377E-4	1.1423975726336377E-4	1.1423975726336377E-4	0.0	3.427192717900913E-4
10-14	1.5993566016870927E-4	1.1423975726336377E-4	2.2847951452672753E-4	0.0	4.5695902905345506E-4
15-19	3.1987132033741854E-4	1.1423975726336377E-4	4.5695902905345506E-4	0.0	5.711987863168188E-4
20-24	3.884151746954368E-4	1.1423975726336377E-4	5.255028834114733E-4	0.0	5.711987863168188E-4
25-29	5.940467377694915E-4	1.1423975726336377E-4	6.168946892221644E-4	0.0	6.854385435801826E-4
30-34	0.0013023332328023468	2.056315630740548E-4	7.768303493908736E-4	0.0	8.682221552015646E-4
35-39	0.002193403339456584	2.2847951452672753E-4	9.139180581069101E-4	0.0	0.0010053098639176013
40-44	0.0033586488635428944	2.2847951452672753E-4	0.0010281578153702737	0.0	0.001028157815370274
45-49	0.005117941125398697	2.2847951452672753E-4	0.0011880934755389833	0.0	0.0011195496211809648
50-54	0.007151408804686572	2.9702336888474577E-4	0.0012794852813496742	0.0	0.0013023332328023468
55-59	0.00961898756157523	3.427192717900913E-4	0.0014622688929710561	0.0	0.001667900456045111
60-64	0.011835238852484487	3.884151746954368E-4	0.001485116844423729	0.0	0.0017821402133084748
65-69	0.015399519279101433	4.5695902905345506E-4	0.001485116844423729	0.0	0.0019877717763825296
70-74	0.02042606859868944	4.5695902905345506E-4	0.001485116844423729	0.0	0.0021477074365512387
75-79	0.02600096875314159	4.5695902905345506E-4	0.001485116844423729	0.0	0.002216251290909257
80-84	0.03235269925698462	4.5695902905345506E-4	0.0015993566016870926	0.0	0.0022847951452672753
85-89	0.03875012566373299	4.5695902905345506E-4	0.0016450525045924383	0.0	0.0022847951452672753
90-94	0.046221405788756977	4.5695902905345506E-4	0.0018049881647611474	0.0	0.0024675787568886574
95-99	0.053921165428307695	4.5695902905345506E-4	0.001942075873477184	0.0	0.0025361226112466757
100-104	0.06303749805792414	5.255028834114733E-4	0.002056315630740548	0.0	0.0026275144170573666
105-109	0.07265648561949936	6.625905921275098E-4	0.0021477074365512387	0.0	0.0027189062228680574
110-114	0.0828466719673914	6.854385435801826E-4	0.0021705553880039118	0.0	0.002970233688847458
115-119	0.09523026165474005	7.768303493908736E-4	0.0021705553880039118	0.0	0.0031758652519215127
120-124	0.10834498578857418	7.996783008435463E-4	0.0023304910481726205	0.0	0.0038156078925963505
125-129	0.11890073935970902	7.996783008435463E-4	0.0024218828539833122	0.0	0.003952695601312386
130-134	0.12609784406730093	7.996783008435463E-4	0.0028102980286787487	0.0	0.0043411107760078236
135-139	0.13119293724124698	7.996783008435463E-4	0.0030159295917528035	0.0	0.004455350533271187
140	0.1318326798819218	7.996783008435463E-4	0.0031987132033741853	0.0	0.004455350533271187
>>END_MODULE
