##FastQC	0.11.9
>>Basic Statistics	pass
#Measure	Value
Filename	ERR3077930_2.fastq
File type	Conventional base calls
Encoding	Sanger / Illumina 1.9
Total Sequences	875352
Sequences flagged as poor quality	0
Sequence length	35-151
%GC	65
>>END_MODULE
>>Per base sequence quality	fail
#Base	Mean	Median	Lower Quartile	Upper Quartile	10th Percentile	90th Percentile
1	27.649146857492756	32.0	18.0	32.0	16.0	33.0
2	28.079280106745628	32.0	29.0	32.0	16.0	33.0
3	28.716663696432978	32.0	29.0	32.0	16.0	33.0
4	28.303000392984764	32.0	29.0	32.0	16.0	33.0
5	28.77129771794661	32.0	29.0	32.0	16.0	33.0
6	29.269619535912412	32.0	19.0	35.0	16.0	37.0
7	29.38321041135452	32.0	29.0	35.0	16.0	37.0
8	29.236628236412322	32.0	19.0	35.0	16.0	37.0
9	28.882219952659046	32.0	18.0	35.0	16.0	37.0
10-14	30.88055822114989	34.0	30.2	36.2	16.0	37.4
15-19	31.737211316133397	36.0	31.2	38.0	15.4	38.0
20-24	30.66708181394456	36.0	20.6	38.0	15.0	38.4
25-29	31.26755568045769	36.0	30.0	38.0	15.0	39.0
30-34	30.740816494393112	35.8	24.6	38.0	14.2	39.0
35-39	30.53661403848568	36.0	21.8	38.0	14.0	39.0
40-44	31.219430107413586	36.0	29.4	38.0	14.0	39.0
45-49	31.101557195053978	36.0	25.0	38.0	14.0	39.0
50-54	30.596029840079012	36.0	24.0	38.0	14.0	39.0
55-59	30.767332879706384	36.0	28.2	38.0	14.0	39.0
60-64	30.40929774952566	35.8	23.2	38.0	14.0	39.0
65-69	30.47584980524208	35.6	25.2	38.0	14.0	39.0
70-74	29.84790304603772	34.2	17.0	38.0	14.0	38.8
75-79	29.13645034958123	34.0	16.0	37.2	14.0	38.0
80-84	29.257748295570348	33.8	16.2	37.6	14.0	38.0
85-89	28.785450353980895	33.6	16.0	37.6	14.0	38.0
90-94	28.06334532894649	32.0	15.6	37.0	13.4	38.0
95-99	28.100376534850064	32.0	15.6	37.0	13.0	38.0
100-104	27.302294494748555	31.0	14.8	37.0	12.6	38.0
105-109	26.785189085367556	30.0	14.6	36.6	12.0	38.0
110-114	26.966153010958635	30.8	14.8	36.8	12.0	38.0
115-119	25.94515247727501	28.0	14.0	35.4	12.0	38.0
120-124	25.404727226914837	27.0	14.0	35.0	12.0	38.0
125-129	25.289438719674745	26.0	13.6	34.4	12.0	38.0
130-134	24.613453572449437	25.8	13.0	34.0	12.0	37.0
135-139	23.91057064010831	25.0	13.0	33.0	12.0	37.0
140-144	23.48769888318449	24.2	13.0	33.0	12.0	37.0
145-149	22.780256845885727	24.0	13.0	32.2	12.0	37.0
150-151	21.327480854470508	19.0	12.0	29.0	12.0	35.0
>>END_MODULE
>>Per tile sequence quality	pass
#Tile	Base	Mean
1101	1	-0.28555694354280803
1101	2	0.15390499978927963
1101	3	0.18814146903608986
1101	4	0.08889702715952907
1101	5	0.5427120299814732
1101	6	1.7679330261591701
1101	7	1.6497993008695353
1101	8	1.5905032829252868
1101	9	2.269716089789995
1101	10-14	0.882218512927313
1101	15-19	1.0939704039278126
1101	20-24	2.126560976254236
1101	25-29	1.6897614844920845
1101	30-34	1.8278223322149856
1101	35-39	1.9012324288208866
1101	40-44	1.095391915092403
1101	45-49	0.768362001773216
1101	50-54	0.8600187565565953
1101	55-59	0.810267947580428
1101	60-64	0.7659375598458098
1101	65-69	0.6045957452737589
1101	70-74	0.7809933552724999
1101	75-79	0.8859641943947629
1101	80-84	0.6974652898821461
1101	85-89	0.46045624695199194
1101	90-94	0.8338787486181829
1101	95-99	0.29567425597816666
1101	100-104	0.5666038861152884
1101	105-109	0.43173313865357343
1101	110-114	0.05869418198421528
1101	115-119	0.373556738678257
1101	120-124	0.1967540029847612
1101	125-129	-0.20840934378504272
1101	130-134	-0.24579807993956848
1101	135-139	0.1432960081207355
1101	140-144	-0.05819342856352705
1101	145-149	-0.03911824665549801
1101	150-151	-0.1218478144954247
1102	1	0.13255581499683444
1102	2	0.21092973733236775
1102	3	0.36486085559202763
1102	4	0.28136990008338003
1102	5	0.4614187441776494
1102	6	-0.5939669464199575
1102	7	1.2794468447429281
1102	8	-0.4278398109324364
1102	9	-0.6349353713507142
1102	10-14	0.19921955100315003
1102	15-19	0.5674478012954083
1102	20-24	-0.20399131926440717
1102	25-29	1.0348497992836876
1102	30-34	0.07854696790912996
1102	35-39	-0.20067711380319864
1102	40-44	0.6873323013229005
1102	45-49	-0.08594242788610273
1102	50-54	-0.27035306335617904
1102	55-59	0.6548878133060612
1102	60-64	0.07021554432188637
1102	65-69	0.45698561553462724
1102	70-74	0.5001427766366859
1102	75-79	0.20153805244790135
1102	80-84	0.414390788017144
1102	85-89	0.4676409235444581
1102	90-94	0.21991787636181215
1102	95-99	0.619303664390074
1102	100-104	0.10792833676786984
1102	105-109	-0.3460709303208951
1102	110-114	0.4910480973219613
1102	115-119	0.0325881421824441
1102	120-124	-0.04651488875991561
1102	125-129	0.3450604015899543
1102	130-134	0.3289678529904094
1102	135-139	0.49875065854789113
1102	140-144	0.5111778368045812
1102	145-149	0.097292910589033
1102	150-151	0.08461084469994873
1103	1	-0.26661889131813155
1103	2	0.054432472966936984
1103	3	0.07998461750563735
1103	4	0.13148350948834064
1103	5	0.37071199053685433
1103	6	1.4705554030919572
1103	7	-2.880744344602224
1103	8	-2.405482733957008
1103	9	-2.404524897114392
1103	10-14	0.5654505064583937
1103	15-19	0.3262924692481022
1103	20-24	-2.4934650966394223
1103	25-29	0.8770999784964992
1103	30-34	-0.1394953744748193
1103	35-39	-1.5487093897571427
1103	40-44	1.1433531159222063
1103	45-49	-0.5666105944318254
1103	50-54	-1.0875404853426112
1103	55-59	0.7856296148146491
1103	60-64	-0.6677216555629286
1103	65-69	0.6671639597474055
1103	70-74	0.9959167911496714
1103	75-79	-1.6826479467375606
1103	80-84	-0.22516042721316154
1103	85-89	-0.1805443921744576
1103	90-94	-1.0302966659408526
1103	95-99	0.4719023053028799
1103	100-104	-0.32717169966059956
1103	105-109	-1.5673615629600128
1103	110-114	0.4076604169036422
1103	115-119	-0.3417391379772674
1103	120-124	0.0445503191666603
1103	125-129	0.5863004975447588
1103	130-134	0.20967197580905506
1103	135-139	0.054364573482232004
1103	140-144	0.7478223660900802
1103	145-149	-0.16221576843762264
1103	150-151	0.4073170209051895
1104	1	0.05204394228396225
1104	2	0.31436513758455575
1104	3	0.05396085879986856
1104	4	0.4639634641674064
1104	5	0.6520673449421039
1104	6	0.9296628489938144
1104	7	1.0143883756726844
1104	8	1.2130992474922166
1104	9	1.9889262275852708
1104	10-14	1.0763587688328258
1104	15-19	1.0654930417230872
1104	20-24	2.069258810899914
1104	25-29	1.3909765435472004
1104	30-34	1.7042932967819056
1104	35-39	1.7682605854154936
1104	40-44	1.2276253436605167
1104	45-49	0.9739609737358847
1104	50-54	1.3590797121676417
1104	55-59	0.7585985622392037
1104	60-64	1.118063787113357
1104	65-69	0.6841298170898931
1104	70-74	0.5354519185535764
1104	75-79	0.8869964588450969
1104	80-84	0.751543360264332
1104	85-89	0.8215155955229321
1104	90-94	1.009144315325461
1104	95-99	0.6635491683934376
1104	100-104	0.7307853815698202
1104	105-109	0.4586040376275484
1104	110-114	0.5509355673998932
1104	115-119	1.2855667179861818
1104	120-124	0.9506687200577275
1104	125-129	0.7923742829914602
1104	130-134	0.9900265912328159
1104	135-139	1.0239594821327351
1104	140-144	0.747563819636138
1104	145-149	1.1987683049050588
1104	150-151	0.9759161128686102
1105	1	0.21048632254670352
1105	2	0.46764652625121883
1105	3	0.4423687436195607
1105	4	0.3411439440167676
1105	5	0.4486412606250525
1105	6	-0.8737734218970203
1105	7	-1.246910618274537
1105	8	1.0153077790049991
1105	9	-0.7383150887464325
1105	10-14	0.09834590185249681
1105	15-19	0.8330181415952325
1105	20-24	2.201970605460378
1105	25-29	1.0323284356518379
1105	30-34	1.4735322105227269
1105	35-39	2.3134381988172272
1105	40-44	1.4608750640350259
1105	45-49	1.2260938029300306
1105	50-54	1.4027116761560876
1105	55-59	0.7843243969441858
1105	60-64	1.5691459351536352
1105	65-69	1.4250142091859281
1105	70-74	1.2657710862260707
1105	75-79	1.7358483356560512
1105	80-84	1.4352361435340448
1105	85-89	1.6139244613273114
1105	90-94	1.9191312002544585
1105	95-99	1.1447360860508944
1105	100-104	1.8322230606608372
1105	105-109	1.4825364877752065
1105	110-114	1.0647458764700417
1105	115-119	1.4247320061839268
1105	120-124	1.2614381332222813
1105	125-129	1.0174255130674723
1105	130-134	1.3907455013606267
1105	135-139	1.175457651747557
1105	140-144	0.9750363330157974
1105	145-149	1.2183417930625993
1105	150-151	0.7483486577040566
1106	1	0.19340373941458466
1106	2	0.1500664972830137
1106	3	0.5631516507403518
1106	4	0.25175025397657436
1106	5	0.40652938587119536
1106	6	-0.6320802883771712
1106	7	1.2920870514961003
1106	8	0.01363533179747023
1106	9	-0.7831919615884537
1106	10-14	0.441373431473675
1106	15-19	0.7473096896421012
1106	20-24	1.1607805877830621
1106	25-29	1.1268199118103759
1106	30-34	1.0310699825909282
1106	35-39	1.2940485655485041
1106	40-44	0.8686467211619338
1106	45-49	0.8273233747064808
1106	50-54	0.5747408672302257
1106	55-59	0.6462131727487055
1106	60-64	0.5836569653424277
1106	65-69	0.7604820306151296
1106	70-74	0.554936739991188
1106	75-79	0.7982008996120058
1106	80-84	0.7173874025700435
1106	85-89	0.940161013818166
1106	90-94	1.055254321152642
1106	95-99	0.7268615260107794
1106	100-104	1.3275905377975796
1106	105-109	0.9460913528838795
1106	110-114	0.9552548397714844
1106	115-119	1.1754194334557155
1106	120-124	0.8901596778012717
1106	125-129	0.9884758390159263
1106	130-134	1.2428953028443779
1106	135-139	1.1993463821944417
1106	140-144	1.2026628372837003
1106	145-149	1.0684952116253221
1106	150-151	0.8887541610606995
1107	1	0.04998733395079924
1107	2	-0.22853505775547944
1107	3	0.025830887194658203
1107	4	0.12164878547154956
1107	5	0.30701669750065363
1107	6	1.2233094647780973
1107	7	1.2622169798976692
1107	8	0.7608157829252882
1107	9	1.474338052705594
1107	10-14	0.3662985960475176
1107	15-19	0.32009924024495007
1107	20-24	1.531184058095672
1107	25-29	-0.13165331729819485
1107	30-34	0.8757438475602548
1107	35-39	1.2546822626456304
1107	40-44	0.44097660856227705
1107	45-49	0.705584823234922
1107	50-54	0.9954602654721114
1107	55-59	-0.596639465988563
1107	60-64	0.5924797689915948
1107	65-69	0.3940998687743793
1107	70-74	0.204444154259253
1107	75-79	1.2863574943998088
1107	80-84	0.7098444020389643
1107	85-89	0.522269122465314
1107	90-94	1.1275299669938121
1107	95-99	0.1264918121612304
1107	100-104	0.6270829222730434
1107	105-109	0.6942894560996926
1107	110-114	0.49112767917889855
1107	115-119	1.2042243660784742
1107	120-124	1.1422631517988613
1107	125-129	0.6149066989234981
1107	130-134	1.0369465839819263
1107	135-139	0.8592687549107936
1107	140-144	0.5712689074206914
1107	145-149	1.2720199267376273
1107	150-151	0.6873910573619
1108	1	0.32413686162743005
1108	2	0.35822916435422414
1108	3	0.6795077206123814
1108	4	0.6796587705391026
1108	5	0.45099308294490115
1108	6	0.7517133697909486
1108	7	0.6786891968342275
1108	8	0.9250654676667764
1108	9	2.1041773918076494
1108	10-14	0.7711777657646408
1108	15-19	0.8772007002708122
1108	20-24	1.0387934794068236
1108	25-29	0.6543317083256284
1108	30-34	1.0918458977887546
1108	35-39	1.0091139332538255
1108	40-44	0.7354177067910115
1108	45-49	1.025701411697419
1108	50-54	0.7119523294438466
1108	55-59	0.8397883828048798
1108	60-64	1.0233958852861562
1108	65-69	1.0003300031292142
1108	70-74	1.2353993766849491
1108	75-79	1.5286794742363803
1108	80-84	1.358414760552435
1108	85-89	1.2866317040504747
1108	90-94	1.2320101149113825
1108	95-99	1.2099518447019122
1108	100-104	0.9225297105498349
1108	105-109	0.5602735578980571
1108	110-114	0.9128616344303175
1108	115-119	1.5763721790708196
1108	120-124	1.422771996340252
1108	125-129	1.1937472110742746
1108	130-134	1.1406769187805743
1108	135-139	0.934983429860484
1108	140-144	1.4496670478718023
1108	145-149	1.4676842634008551
1108	150-151	0.7285853820649777
1109	1	0.37766652881031604
1109	2	0.31152782024168246
1109	3	0.38573621063206787
1109	4	0.15770269398328196
1109	5	0.37051539944424405
1109	6	-0.41103816846854
1109	7	0.19374771824308112
1109	8	1.258459515253282
1109	9	0.5155139809304288
1109	10-14	0.1481226324686311
1109	15-19	0.2943239618919975
1109	20-24	0.931787688475417
1109	25-29	-0.4835758348607335
1109	30-34	0.5684534388753697
1109	35-39	0.03904391047658251
1109	40-44	0.1888954504055711
1109	45-49	0.8489987384868876
1109	50-54	0.37501978011756165
1109	55-59	-0.14157066069810398
1109	60-64	0.5656015552542435
1109	65-69	0.6977112292950025
1109	70-74	0.09944446765901915
1109	75-79	0.6459401693544997
1109	80-84	0.6266640393860996
1109	85-89	0.8321305324234025
1109	90-94	1.0489766289282443
1109	95-99	0.5521216492734276
1109	100-104	0.9878367829436243
1109	105-109	0.9393514241102103
1109	110-114	0.905019950106233
1109	115-119	0.7762091895984895
1109	120-124	0.8601098125829942
1109	125-129	0.7839239846503219
1109	130-134	0.8040187886612635
1109	135-139	0.6645068285795404
1109	140-144	0.9622485370010914
1109	145-149	0.9366731230042049
1109	150-151	0.6269937704840558
1110	1	0.8164476296279233
1110	2	0.7483686551166215
1110	3	0.8084371205123411
1110	4	0.7961142126537553
1110	5	0.7465639234346177
1110	6	1.043495847083431
1110	7	1.7402730653111256
1110	8	1.5300712386377384
1110	9	1.759361067325294
1110	10-14	1.2958052427090827
1110	15-19	0.831139691475947
1110	20-24	1.1301567721464068
1110	25-29	-0.7306973569713371
1110	30-34	0.8397761993523432
1110	35-39	1.0198336078252588
1110	40-44	-0.015328919689462595
1110	45-49	0.7966749910164488
1110	50-54	0.7768025959298654
1110	55-59	0.23154024346137447
1110	60-64	0.8778037950460877
1110	65-69	0.8468863971498877
1110	70-74	0.6716949267025534
1110	75-79	1.2401847664203167
1110	80-84	0.8736026563995658
1110	85-89	0.7788530082445853
1110	90-94	1.3460083392058948
1110	95-99	1.0557776196140516
1110	100-104	1.2144208777213201
1110	105-109	1.7531402828524243
1110	110-114	1.1614811943156127
1110	115-119	1.2236561117111933
1110	120-124	1.3862629677144298
1110	125-129	0.864481621076223
1110	130-134	1.0990454781642676
1110	135-139	1.0809034136249345
1110	140-144	1.0354047054679363
1110	145-149	1.4339793760885833
1110	150-151	0.709121646059895
1111	1	0.6059796188611273
1111	2	0.6412775213078774
1111	3	0.673665504541777
1111	4	0.5144327826160335
1111	5	0.5872030767075707
1111	6	2.215199107468731
1111	7	-0.27587209860787
1111	8	0.0608465237798832
1111	9	-0.14510205884203842
1111	10-14	1.1554512019835705
1111	15-19	1.0741760986711242
1111	20-24	0.4544222965739415
1111	25-29	1.3183582989710239
1111	30-34	1.4533747261590406
1111	35-39	0.9370836358342522
1111	40-44	1.5284126042410087
1111	45-49	1.3446236882314153
1111	50-54	1.1494957927407228
1111	55-59	1.3051094953003641
1111	60-64	0.9668429987136307
1111	65-69	1.0557054894318227
1111	70-74	1.275902421802293
1111	75-79	0.48038976933658617
1111	80-84	1.163208050886741
1111	85-89	1.3623318508491487
1111	90-94	1.0260033657533043
1111	95-99	1.551447586920684
1111	100-104	1.2022549092156076
1111	105-109	1.3700878758621116
1111	110-114	1.3371042973238936
1111	115-119	1.400015729469306
1111	120-124	1.4686542976586203
1111	125-129	1.3690350142999286
1111	130-134	1.1044158823392465
1111	135-139	1.1774303323510082
1111	140-144	1.162300503882964
1111	145-149	1.0277822578177123
1111	150-151	1.1227753562212754
1112	1	1.0845207125196161
1112	2	0.4429705009897589
1112	3	0.48945111789563356
1112	4	0.7003454815412837
1112	5	0.5685126002095622
1112	6	0.9064087914652923
1112	7	0.7782473050712149
1112	8	0.9555936940897531
1112	9	2.1984559607383716
1112	10-14	0.8145500705503643
1112	15-19	1.148120013771745
1112	20-24	1.1655230110681636
1112	25-29	1.4087911213468196
1112	30-34	1.3802091119268667
1112	35-39	0.9085115983732912
1112	40-44	1.1811588063566951
1112	45-49	1.069325022051821
1112	50-54	0.9155544929737864
1112	55-59	1.2822892501177776
1112	60-64	0.770808407060148
1112	65-69	0.691505450983886
1112	70-74	0.8552383769374252
1112	75-79	0.8320439386247358
1112	80-84	0.6837549332666164
1112	85-89	1.0686553419668137
1112	90-94	1.0399855435884788
1112	95-99	1.106683610702742
1112	100-104	0.9905326681042261
1112	105-109	1.4276770351016417
1112	110-114	1.1169994954468407
1112	115-119	1.1156268855609994
1112	120-124	1.7184161183047237
1112	125-129	1.2133358837243513
1112	130-134	1.2325124329510047
1112	135-139	1.320301287276262
1112	140-144	1.1943956957258024
1112	145-149	1.2538706142564564
1112	150-151	0.665445286433517
1113	1	1.0498775592238694
1113	2	0.9277822861403386
1113	3	0.9918333496078695
1113	4	1.0195050236243333
1113	5	1.0200343094158413
1113	6	1.124206177865286
1113	7	0.7607095183610824
1113	8	1.9882981069338967
1113	9	1.412844452070967
1113	10-14	1.0711597786820057
1113	15-19	1.102150276353271
1113	20-24	2.435178521596999
1113	25-29	1.8798707490171331
1113	30-34	2.1436913569613765
1113	35-39	2.28336353273453
1113	40-44	1.634732128809123
1113	45-49	1.6469295933021115
1113	50-54	1.768922133700606
1113	55-59	1.4057958638006411
1113	60-64	1.3891700298429939
1113	65-69	1.5626847891916
1113	70-74	1.6959578306584646
1113	75-79	2.1397187382109983
1113	80-84	1.8661114875106506
1113	85-89	1.8027547098246792
1113	90-94	2.050001932373238
1113	95-99	1.8246591138446746
1113	100-104	2.305239038134104
1113	105-109	2.2436244784687425
1113	110-114	1.6314959769899566
1113	115-119	2.1205770821228747
1113	120-124	2.2349726012273763
1113	125-129	1.7453291214364626
1113	130-134	1.5780854082058156
1113	135-139	1.830730364494677
1113	140-144	1.53870884310453
1113	145-149	1.7749878932599756
1113	150-151	1.2365487917302893
1114	1	0.9322317272767648
1114	2	0.5608052362047715
1114	3	0.8788778282375311
1114	4	0.9501097823381564
1114	5	0.970888440969162
1114	6	-1.6672453174313446
1114	7	1.374510067155935
1114	8	-0.6582775824304612
1114	9	-0.40254421117067807
1114	10-14	0.68025410659288
1114	15-19	1.009861690328286
1114	20-24	-0.009254056768881469
1114	25-29	1.6838452618862583
1114	30-34	-0.13049392041185115
1114	35-39	-0.05014490907202074
1114	40-44	1.2267094370209541
1114	45-49	0.792018113273592
1114	50-54	0.834489072732822
1114	55-59	1.5184881604098521
1114	60-64	0.8465788119492395
1114	65-69	1.3184341223735423
1114	70-74	1.6477200517139572
1114	75-79	1.0339295891093414
1114	80-84	0.8958023103579578
1114	85-89	1.0871842232175446
1114	90-94	1.1305075675931349
1114	95-99	1.513505068624692
1114	100-104	1.4556053084469127
1114	105-109	1.7439041948474987
1114	110-114	1.8062073580391633
1114	115-119	1.3858200342315001
1114	120-124	1.473389008694614
1114	125-129	1.9878680230920907
1114	130-134	1.2982938467941203
1114	135-139	1.1639211302913601
1114	140-144	1.4838295799980763
1114	145-149	1.2573575643651864
1114	150-151	1.1421157166399176
2101	1	-1.867835735677641
2101	2	-0.9341954215590356
2101	3	-0.6617075478178442
2101	4	-0.6350059624070816
2101	5	-0.29661682234597464
2101	6	0.6008940012795563
2101	7	0.23533351033983863
2101	8	0.6433197957663808
2101	9	1.061649777590958
2101	10-14	-0.2769904557725269
2101	15-19	-0.19192787055052207
2101	20-24	-0.9529950028789891
2101	25-29	-0.30159114391883435
2101	30-34	0.506135032857042
2101	35-39	0.5583214075881102
2101	40-44	-0.4597989425152633
2101	45-49	-0.9148130154747562
2101	50-54	-0.5012903897649039
2101	55-59	-0.6119107704923827
2101	60-64	-0.7845206059914602
2101	65-69	-1.0456031368562329
2101	70-74	-0.8452469881736882
2101	75-79	-0.5728639084611018
2101	80-84	-0.8749209377988691
2101	85-89	-0.7366373045978243
2101	90-94	-0.7280494104426012
2101	95-99	-1.1936684843264018
2101	100-104	-0.9256270406537936
2101	105-109	-0.9817349218126594
2101	110-114	-1.6122124334023056
2101	115-119	-1.0075911035350629
2101	120-124	-1.0919337060060492
2101	125-129	-1.6836805909617887
2101	130-134	-1.662921986905232
2101	135-139	-1.4133810971470453
2101	140-144	-1.5135487558568563
2101	145-149	-1.575680359179369
2101	150-151	-1.5124800349896113
2102	1	-0.8280840554149549
2102	2	-0.9960393495257875
2102	3	-0.8605231183742177
2102	4	-0.4644752412683886
2102	5	-0.8703314305534278
2102	6	-2.0811739128493087
2102	7	-0.1740569042837592
2102	8	-2.041858711530029
2102	9	-1.9045441434128776
2102	10-14	-1.4680336478685128
2102	15-19	-1.2591971596729756
2102	20-24	-2.0306028365311484
2102	25-29	-1.0155334029834577
2102	30-34	-1.5895165865717047
2102	35-39	-1.5572490293469592
2102	40-44	-1.1671311981837462
2102	45-49	-1.8068819010542896
2102	50-54	-1.8725032485748017
2102	55-59	-1.063699837314676
2102	60-64	-1.9478795478025468
2102	65-69	-1.4103047801155029
2102	70-74	-1.1968972527693325
2102	75-79	-1.5129219931264224
2102	80-84	-1.4691429384739259
2102	85-89	-1.3164062853455434
2102	90-94	-1.7111765124098959
2102	95-99	-1.3447003626629659
2102	100-104	-1.4613969131832256
2102	105-109	-1.5624595930933012
2102	110-114	-1.265158909827747
2102	115-119	-1.4869011584648355
2102	120-124	-1.5017653526849024
2102	125-129	-1.3791595898750018
2102	130-134	-1.8405424754977382
2102	135-139	-1.227902034150734
2102	140-144	-1.3459245088845506
2102	145-149	-1.6556540838758487
2102	150-151	-1.061307877997514
2103	1	-0.47086616162616934
2103	2	-0.8656483518680886
2103	3	-1.03683504474796
2103	4	-0.7459976438283249
2103	5	-0.9377332850825262
2103	6	0.22346705553232482
2103	7	-3.081579001559085
2103	8	-3.2746289167793385
2103	9	-3.5033813215982583
2103	10-14	-1.493247416675569
2103	15-19	-1.132242797581867
2103	20-24	-3.3607611028399518
2103	25-29	-0.5978637821636461
2103	30-34	-1.7331033939090688
2103	35-39	-2.931947622281026
2103	40-44	-0.4631414985130142
2103	45-49	-2.0514804958465724
2103	50-54	-2.3515658470989855
2103	55-59	-0.31157944714009034
2103	60-64	-2.2068097629281596
2103	65-69	-1.2471223792156358
2103	70-74	-0.8036657614906346
2103	75-79	-2.6888843954682784
2103	80-84	-1.6840926663985911
2103	85-89	-1.7535598785616102
2103	90-94	-3.2056577741292536
2103	95-99	-1.3384723551894027
2103	100-104	-1.96274545913246
2103	105-109	-2.6893303326155618
2103	110-114	-1.3773797205212226
2103	115-119	-2.3835247975550935
2103	120-124	-1.6424715098165557
2103	125-129	-0.9382814098628351
2103	130-134	-1.925959863946055
2103	135-139	-2.0369057897168013
2103	140-144	-1.1660436656566553
2103	145-149	-2.0787265544997844
2103	150-151	-1.2065207342346582
2104	1	-0.31813025612472146
2104	2	-0.4531301411019406
2104	3	-0.21746100475159125
2104	4	-0.5994028581615716
2104	5	-0.4954129700185277
2104	6	-0.21276364815275528
2104	7	0.27148221371357195
2104	8	0.5579979585478299
2104	9	0.8007363224243313
2104	10-14	-0.38366738156810243
2104	15-19	-0.6047545305413884
2104	20-24	-0.1826013763014629
2104	25-29	-0.14681313870581647
2104	30-34	0.0019311952556151368
2104	35-39	0.5992037566922335
2104	40-44	-0.29162889768953804
2104	45-49	-0.47355080820594964
2104	50-54	-0.25509647328782137
2104	55-59	-0.6557907730166903
2104	60-64	-0.20779854236052486
2104	65-69	-1.1195791462994649
2104	70-74	-0.9655294675040871
2104	75-79	-0.005294197265502731
2104	80-84	-0.925901541101009
2104	85-89	-0.7829608301859885
2104	90-94	-0.6540191405465983
2104	95-99	-1.253516036158853
2104	100-104	-1.1824374972591087
2104	105-109	-0.4210771213480662
2104	110-114	-1.18021423053521
2104	115-119	-1.03781537603993
2104	120-124	-0.9821251092931114
2104	125-129	-1.1154037923510955
2104	130-134	-0.6347491711262556
2104	135-139	-0.395976004876637
2104	140-144	-0.6408776618617757
2104	145-149	-0.6182910306874518
2104	150-151	-0.4090471322529723
2105	1	-0.2821359710306304
2105	2	-0.37107390591705425
2105	3	-0.49815833089432004
2105	4	-0.7634966315043528
2105	5	-1.1111053847714842
2105	6	-1.919117034731574
2105	7	-2.305163512282867
2105	8	0.21767034103245564
2105	9	-2.1288440615670012
2105	10-14	-0.8657053301485398
2105	15-19	-2.0763134339288385
2105	20-24	-1.1462185122635056
2105	25-29	-2.007198197136308
2105	30-34	-1.2504536333382532
2105	35-39	-0.3039642769102535
2105	40-44	-1.2528059449227804
2105	45-49	-0.528580789791846
2105	50-54	-0.7111584680114262
2105	55-59	-1.1985386916655791
2105	60-64	-0.9120197957651506
2105	65-69	-0.9622548950298437
2105	70-74	-0.8839660566352414
2105	75-79	-0.10342446537836736
2105	80-84	-0.620870746924961
2105	85-89	-0.564099022521134
2105	90-94	-0.5616492148648504
2105	95-99	-0.9175961566382718
2105	100-104	-0.5126495141885279
2105	105-109	-0.06232325681323658
2105	110-114	-1.1162025101582422
2105	115-119	-1.2361145253653412
2105	120-124	-0.9651983731018667
2105	125-129	-1.013584719108799
2105	130-134	-0.6882397254956203
2105	135-139	-1.0343167151686288
2105	140-144	-1.2758196093376064
2105	145-149	-0.9681706317876895
2105	150-151	-0.7169213096992308
2106	1	-0.3970392362377737
2106	2	-0.4271517828694904
2106	3	-0.30921652290204804
2106	4	-0.7403548854762043
2106	5	-0.7424514695249442
2106	6	-1.2797242007246723
2106	7	0.23442345766453343
2106	8	-0.31322172941429827
2106	9	-1.4421991166924002
2106	10-14	-0.7552353164573482
2106	15-19	-0.4504233522419767
2106	20-24	-0.6956967976845547
2106	25-29	-0.15008836331969633
2106	30-34	-0.9511096149715854
2106	35-39	-0.6663436426035005
2106	40-44	-0.7522067888958333
2106	45-49	-0.47897112551313015
2106	50-54	0.05503593633957493
2106	55-59	-0.336588291766887
2106	60-64	-0.7872535001194265
2106	65-69	-0.3385881705924376
2106	70-74	-0.3132260601136636
2106	75-79	-0.02259785704973538
2106	80-84	-0.4237601604293104
2106	85-89	-0.39014893211360047
2106	90-94	-0.3490783669838322
2106	95-99	-0.5103769181001283
2106	100-104	-0.17795697273065514
2106	105-109	-0.11282453458670716
2106	110-114	-0.946327690163006
2106	115-119	-1.7633624557031489
2106	120-124	-1.686941559956523
2106	125-129	-1.0276443277042269
2106	130-134	-0.6727881733470795
2106	135-139	-0.6903221169535563
2106	140-144	-1.0040542386067521
2106	145-149	-0.9714730276043184
2106	150-151	-0.3970814264136706
2107	1	-0.5573941454167439
2107	2	-0.32245413564513115
2107	3	-0.1294218827526663
2107	4	-0.22978749157982037
2107	5	-0.3457536855210819
2107	6	0.34143121610806304
2107	7	0.47979770376561603
2107	8	0.7015312854806552
2107	9	0.14706436491776387
2107	10-14	-0.47728052881033634
2107	15-19	-0.9604914785253413
2107	20-24	0.28503989448251943
2107	25-29	-2.019106381777082
2107	30-34	-1.3937823313284525
2107	35-39	-0.017858360955951724
2107	40-44	-0.9930551582257721
2107	45-49	-1.0092062340181762
2107	50-54	-0.4271423757731725
2107	55-59	-1.907281727721017
2107	60-64	-0.7709245275167369
2107	65-69	-0.9285245482685127
2107	70-74	-0.9195634696179518
2107	75-79	-0.26364365163880166
2107	80-84	-1.150827623662913
2107	85-89	-1.0676478644746688
2107	90-94	-0.3975229443922679
2107	95-99	-1.081344105383593
2107	100-104	-1.4332254385391572
2107	105-109	-0.7874238210328421
2107	110-114	-0.9096535789983413
2107	115-119	-0.6228283627839843
2107	120-124	-1.0088488886830973
2107	125-129	-1.0589013279437758
2107	130-134	-1.1094310181940195
2107	135-139	-1.1717101107838097
2107	140-144	-1.7104253756722585
2107	145-149	-0.707938792802203
2107	150-151	-0.45682221233833786
2108	1	-0.745036110209476
2108	2	-0.5628523926838405
2108	3	-0.910007052469286
2108	4	-0.3596345588619734
2108	5	-0.48634038937336754
2108	6	-0.4422786673892176
2108	7	-0.23390029590465744
2108	8	0.6395120194844282
2108	9	0.5661845037684898
2108	10-14	-0.45029828814795536
2108	15-19	-0.5894798648893982
2108	20-24	-0.05770918503608513
2108	25-29	-0.6389569294864152
2108	30-34	-0.46187457638716367
2108	35-39	-0.6511111253394297
2108	40-44	-0.8018261487563976
2108	45-49	-0.8096432446714239
2108	50-54	-0.3670524081569546
2108	55-59	-0.8126728076892533
2108	60-64	-0.6690660211052162
2108	65-69	-0.8366461398386491
2108	70-74	-0.8052190179258893
2108	75-79	-0.6331624598343915
2108	80-84	-0.2394588473993764
2108	85-89	-0.6780679777994578
2108	90-94	-0.7041949339602631
2108	95-99	-0.7289919565427638
2108	100-104	-1.2357402170691216
2108	105-109	-1.3837156852151686
2108	110-114	-0.9918460377753
2108	115-119	-0.5123247904481794
2108	120-124	-0.624080996861359
2108	125-129	-0.6324211563072204
2108	130-134	-0.6054613423910702
2108	135-139	-0.7970443588298757
2108	140-144	-0.5920115812414757
2108	145-149	-0.4221287022874165
2108	150-151	-0.4383778197061545
2109	1	-0.025611304772667154
2109	2	-0.1276696261561341
2109	3	-1.1249887718386233
2109	4	-0.9186016369312284
2109	5	-0.7095694974766005
2109	6	-1.0715505935382978
2109	7	-1.2230625250101106
2109	8	0.1327329154474839
2109	9	-0.9252163954122423
2109	10-14	-0.9919931978586121
2109	15-19	-0.9926548427015831
2109	20-24	-0.1127019717891713
2109	25-29	-1.2398920217558604
2109	30-34	-0.9903841171437726
2109	35-39	-1.0233984352381427
2109	40-44	-1.2429017229468151
2109	45-49	-0.3918996019951564
2109	50-54	-0.9648439316492485
2109	55-59	-1.6608455645995122
2109	60-64	-0.9181428838991117
2109	65-69	-0.9927136138162851
2109	70-74	-1.657114821730051
2109	75-79	-0.8080252598065272
2109	80-84	-0.742908581441128
2109	85-89	-1.2716784856895842
2109	90-94	-0.6752191303696584
2109	95-99	-0.7397934479289603
2109	100-104	-0.9340374377579721
2109	105-109	-1.1084791208349465
2109	110-114	-0.9932799141435034
2109	115-119	-0.5711945680342723
2109	120-124	-0.5685945717398049
2109	125-129	-0.9510073974953919
2109	130-134	-0.6126148164278611
2109	135-139	-0.5278055822647829
2109	140-144	-0.43932091334608714
2109	145-149	-0.3304078180216834
2109	150-151	-0.574975280997549
2110	1	-0.12839473012406089
2110	2	-0.254687591242412
2110	3	0.09262583350001563
2110	4	0.035864112459599085
2110	5	-0.2602477643543324
2110	6	0.15080789972626363
2110	7	1.112826315367176
2110	8	0.1431488914890089
2110	9	0.7935484819005794
2110	10-14	0.1649926616124162
2110	15-19	-1.2887248927680766
2110	20-24	-0.865819923948056
2110	25-29	-2.897292755224708
2110	30-34	-3.207504665424935
2110	35-39	-2.735526979931521
2110	40-44	-3.733557912728852
2110	45-49	-0.6378552463689005
2110	50-54	-0.7407106671234764
2110	55-59	-0.8675384210528279
2110	60-64	-0.3518047337993906
2110	65-69	-0.8928206281496784
2110	70-74	-1.1975350088384573
2110	75-79	-0.5659796415566802
2110	80-84	-0.552512540997526
2110	85-89	-1.1119526402272335
2110	90-94	-0.44256108165055963
2110	95-99	-0.5490177059739132
2110	100-104	-0.4496251100625379
2110	105-109	-0.39682177722619727
2110	110-114	-0.8666091666402416
2110	115-119	-1.2726552480667799
2110	120-124	-1.1554406046710923
2110	125-129	-1.0292662525072593
2110	130-134	-0.5227396200713024
2110	135-139	-0.3508230098656817
2110	140-144	-0.6764899605698389
2110	145-149	-0.6633970153064972
2110	150-151	-0.5505935336857917
2111	1	-0.1974104634984606
2111	2	-0.14277133454711688
2111	3	-0.4568380407833601
2111	4	-0.5949174129735084
2111	5	-0.7273578544024382
2111	6	0.4631647532735208
2111	7	-2.1579355938089577
2111	8	-2.30000144862365
2111	9	-1.4474183535106064
2111	10-14	-0.8053659224543814
2111	15-19	-0.7300659834652805
2111	20-24	-2.413863200179083
2111	25-29	-0.8929083167432665
2111	30-34	-1.4611482292357572
2111	35-39	-2.0163204990418286
2111	40-44	-1.2407569690932831
2111	45-49	-1.2461604673564963
2111	50-54	-0.998233178704286
2111	55-59	-0.4549068409398416
2111	60-64	-0.5027674433162872
2111	65-69	-1.067756567920064
2111	70-74	-0.4350404966189103
2111	75-79	-1.934602914240223
2111	80-84	-0.8880919758256312
2111	85-89	-0.6960528898527443
2111	90-94	-0.932807233694632
2111	95-99	-0.4135116296228567
2111	100-104	-0.8108565870101181
2111	105-109	-1.1334926433412171
2111	110-114	-1.2184790528635148
2111	115-119	-1.900627267643518
2111	120-124	-2.2371574880017775
2111	125-129	-0.9857617021232272
2111	130-134	-0.8387291862568595
2111	135-139	-1.0105586325434537
2111	140-144	-1.1014502948570701
2111	145-149	-1.2878850958391261
2111	150-151	-0.8254456275268609
2112	1	-0.030455390845190777
2112	2	0.2017786666650636
2112	3	-0.15641663949590523
2112	4	0.10089240043431147
2112	5	-0.49447194116030957
2112	6	0.22032833669869234
2112	7	-0.3805414299962102
2112	8	-0.4625217327585247
2112	9	1.1510449009568688
2112	10-14	-0.21190515394846798
2112	15-19	0.05102451308715672
2112	20-24	-0.19610417431037774
2112	25-29	-0.37647573319926053
2112	30-34	-0.3920177712981854
2112	35-39	-0.37629120785845416
2112	40-44	-0.5248194537625821
2112	45-49	-0.3778109295683052
2112	50-54	-0.5790157870026889
2112	55-59	-0.03999737193063524
2112	60-64	-0.18397660967019647
2112	65-69	-0.6036740703961065
2112	70-74	-0.768686616130335
2112	75-79	-0.9678489132819479
2112	80-84	-0.8023260011427915
2112	85-89	-0.5891801207948397
2112	90-94	-1.2815429292516676
2112	95-99	-0.8943497125208104
2112	100-104	-1.0765471427559135
2112	105-109	-0.4725238909202858
2112	110-114	-0.1817359638904854
2112	115-119	-0.5006730937515194
2112	120-124	-0.7252334626663135
2112	125-129	-0.41466981057445196
2112	130-134	-0.30410954550926306
2112	135-139	-0.46775187046000966
2112	140-144	-0.4789784742344132
2112	145-149	-0.5648347469300639
2112	150-151	-0.6908607646567404
2113	1	0.09036465314930453
2113	2	-0.08997779283158636
2113	3	-0.07896174343210305
2113	4	-0.6379501420516647
2113	5	-0.18084553999308284
2113	6	-0.37484607689426497
2113	7	-0.5244126902246116
2113	8	0.7433221442484417
2113	9	0.016478971469382486
2113	10-14	-0.3233293560294257
2113	15-19	-0.27129263678465776
2113	20-24	0.5256077319794308
2113	25-29	0.37628613461930627
2113	30-34	0.7301650484999733
2113	35-39	0.6606658246222672
2113	40-44	0.31137609498156493
2113	45-49	0.19844451422288145
2113	50-54	0.23521783462690138
2113	55-59	-0.10800273587853582
2113	60-64	0.18373034075104044
2113	65-69	-0.09050355511959651
2113	70-74	-0.3190015902703536
2113	75-79	-0.11551939677180911
2113	80-84	-0.09004859213823124
2113	85-89	-0.3186467228098877
2113	90-94	-0.12762359877838847
2113	95-99	-0.5523940823595552
2113	100-104	-0.3713703178290402
2113	105-109	0.17468887753219775
2113	110-114	-0.11637622406333037
2113	115-119	-0.17536720271717599
2113	120-124	-0.15931886584994714
2113	125-129	-0.6276036844832298
2113	130-134	-0.46917403728381046
2113	135-139	-0.5430064252012734
2113	140-144	-0.3175526685941854
2113	145-149	-0.34842598158337523
2113	150-151	-0.4121685586867514
2114	1	0.48086695154998793
2114	2	0.23210166147534395
2114	3	-0.2778980677679357
2114	4	0.05474232049076733
2114	5	-0.24557025218273054
2114	6	-1.8730190224410173
2114	7	0.12620039004852046
2114	8	-3.2070986555773864
2114	9	-1.7998235649756573
2114	10-14	-1.2277267332192743
2114	15-19	-0.7940588898752701
2114	20-24	-2.334479877787917
2114	25-29	-0.8436727519030107
2114	30-34	-2.0057064307607924
2114	35-39	-2.4672606565086213
2114	40-44	-0.7919437424397024
2114	45-49	-0.8446341664802439
2114	50-54	-0.8879949223417754
2114	55-59	-0.25536949563357325
2114	60-64	-0.41274575483513587
2114	65-69	-0.6296370961580458
2114	70-74	-1.2083216664289083
2114	75-79	-1.818374880031186
2114	80-84	-1.5034020437189568
2114	85-89	-1.5869253870579882
2114	90-94	-2.236950983644711
2114	95-99	-1.3449323585610706
2114	100-104	-1.4092460724679086
2114	105-109	-1.200363007591708
2114	110-114	-0.11516113269958339
2114	115-119	-0.2816455282440593
2114	120-124	-0.654785429462148
2114	125-129	-0.43646898740342976
2114	130-134	-1.3230435217238679
2114	135-139	-1.4597165496523345
2114	140-144	-1.2613958760201598
2114	145-149	-1.612905383614688
2114	150-151	-0.6494736765529936
>>END_MODULE
>>Per sequence quality scores	pass
#Quality	Count
2	1034.0
3	0.0
4	0.0
5	0.0
6	0.0
7	0.0
8	0.0
9	0.0
10	0.0
11	0.0
12	0.0
13	0.0
14	50.0
15	533.0
16	2200.0
17	6133.0
18	14853.0
19	26520.0
20	35524.0
21	40204.0
22	42199.0
23	43602.0
24	44759.0
25	45265.0
26	46064.0
27	46561.0
28	47704.0
29	48713.0
30	50145.0
31	51184.0
32	52911.0
33	54717.0
34	56084.0
35	54300.0
36	45670.0
37	18329.0
38	94.0
>>END_MODULE
>>Per base sequence content	warn
#Base	G	A	T	C
1	47.264725191520704	13.013686095905609	6.073991385285446	33.647597327288246
2	30.87469318943451	14.766023346196693	26.178347008754248	28.180936455614546
3	27.380426801232506	16.81630711022763	17.1668660601749	38.63640002836497
4	36.23452794063487	20.369934051454962	13.907068137679884	29.488469870230283
5	33.58583490217518	22.181288730187415	15.38433384649521	28.848542521142196
6	30.27079392166237	24.306602403244586	14.75092586450239	30.67167781059065
7	27.708225153777	16.465061911112432	26.217920710771136	29.608792224339425
8	24.99788406506557	15.889184484363813	20.368561553119115	38.7443698974515
9	30.521961117122142	16.01156558597673	19.588067499468156	33.87840579743297
10-14	32.233832541478044	17.508755395634083	16.722496848972572	33.5349152139153
15-19	31.701463311975736	17.659661587660324	17.223573116417594	33.41530198394634
20-24	31.420055403182822	17.375051182750443	17.799107418582256	33.405785995484486
25-29	32.01848755258384	17.573560192058267	17.48228905272452	32.925663202633366
30-34	31.983992094409587	17.372786560496294	17.35691132974501	33.28631001534911
35-39	31.66007343507709	17.354419776171056	17.62853712631204	33.35696966243981
40-44	32.15329566208085	17.426538195100445	17.46439265124321	32.9557734915755
45-49	32.02372317823835	17.24432617902967	17.481723011354518	33.25022763137746
50-54	31.74758197439058	17.302296180392894	17.559253362076426	33.390868483140096
55-59	32.10362583284635	17.33023866154219	17.43185154771139	33.13428395790008
60-64	32.012742421318016	17.105763202492653	17.491969768649184	33.38952460754015
65-69	31.939211160672443	17.22037258569337	17.62517134980477	33.215244903829415
70-74	31.988843883809743	17.265501678046522	17.491308876287466	33.25434556185627
75-79	31.885777300560086	17.060135233175657	17.492788531298064	33.561298934966196
80-84	31.817882130054436	17.170397226129055	17.58473988902559	33.42698075479092
85-89	31.951166909782618	17.13979151598624	17.54568131568926	33.36336025854189
90-94	31.844216964379495	16.976951135806353	17.611196136113005	33.56763576370115
95-99	31.834349185412925	17.119910543287958	17.592137673388518	33.453602597910596
100-104	31.813589107199665	17.06838219450119	17.669749805131048	33.4482788931681
105-109	31.860846569702243	16.951263542222083	17.62773504467648	33.56015484339919
110-114	31.80005104546899	17.077574666037425	17.69917364127556	33.423200647218025
115-119	31.762593672571427	17.054322629895584	17.732679112584705	33.45040458494828
120-124	31.720035322728524	16.951068135722863	17.711451283091506	33.61744525845711
125-129	31.75801419182116	17.026284643236814	17.810384984379716	33.40531618056231
130-134	31.724733718543323	17.003806461282856	17.947877691463408	33.32358212871041
135-139	31.726359556570706	16.955598349048223	17.79123076151499	33.52681133286609
140-144	31.550884085341956	17.057249137740463	17.956645689926194	33.43522108699138
145-149	31.504623818163463	16.8350980539329	18.089132409691253	33.57114571821238
150-151	33.38185177046359	7.057123383080871	19.47953174990409	40.08149309655144
>>END_MODULE
>>Per sequence GC content	warn
#GC Content	Count
0	1035.0
1	517.5
2	0.0
3	0.5
4	0.5
5	0.0
6	0.0
7	0.5
8	1.0
9	1.5
10	1.5
11	0.5
12	1.0
13	1.0
14	0.5
15	2.0
16	2.5
17	2.0
18	1.5
19	2.5
20	3.0
21	5.5
22	6.5
23	5.0
24	5.5
25	8.0
26	9.5
27	6.0
28	6.0
29	8.5
30	13.0
31	17.0
32	22.0
33	26.0
34	33.0
35	39.5
36	45.5
37	51.5
38	63.5
39	85.5
40	125.0
41	182.0
42	244.5
43	327.5
44	411.5
45	532.5
46	692.0
47	910.0
48	1238.0
49	1702.5
50	2320.5
51	3155.0
52	4291.0
53	5812.5
54	7746.0
55	10340.0
56	13754.0
57	17813.0
58	22947.0
59	29139.0
60	35977.5
61	43025.0
62	49588.0
63	55610.0
64	60171.0
65	62692.0
66	63273.5
67	61644.5
68	58214.5
69	53168.0
70	46813.0
71	39732.0
72	32328.5
73	25466.0
74	19503.5
75	14690.5
76	10903.5
77	7806.5
78	5560.5
79	3987.5
80	2916.5
81	2138.0
82	1567.5
83	1179.5
84	918.5
85	725.0
86	546.5
87	404.5
88	296.0
89	198.0
90	144.0
91	113.5
92	84.5
93	52.0
94	35.5
95	26.5
96	16.0
97	12.0
98	12.0
99	16.5
100	20.5
>>END_MODULE
>>Per base N content	pass
#Base	N-Count
1	0.11812390901031813
2	0.11812390901031813
3	0.11812390901031813
4	0.11812390901031813
5	0.11812390901031813
6	0.11812390901031813
7	0.11812390901031813
8	0.11812390901031813
9	0.11812390901031813
10-14	0.11812390901031813
15-19	0.11812390901031813
20-24	0.11812390901031813
25-29	0.11812390901031813
30-34	0.11812390901031813
35-39	0.02365361409608995
40-44	0.0
45-49	0.0
50-54	0.0
55-59	0.0
60-64	0.0
65-69	0.0
70-74	0.0
75-79	0.0
80-84	0.0
85-89	0.0
90-94	0.0
95-99	0.0
100-104	0.0
105-109	0.0
110-114	0.0
115-119	0.0
120-124	0.0
125-129	0.0
130-134	0.0
135-139	0.0
140-144	0.0
145-149	0.0
150-151	0.0
>>END_MODULE
>>Sequence Length Distribution	warn
#Length	Count
35-39	1687.0
40-44	807.0
45-49	1020.0
50-54	1292.0
55-59	1476.0
60-64	1894.0
65-69	2096.0
70-74	2524.0
75-79	2808.0
80-84	3299.0
85-89	3717.0
90-94	4150.0
95-99	4726.0
100-104	5143.0
105-109	5606.0
110-114	6283.0
115-119	6707.0
120-124	6923.0
125-129	7926.0
130-134	8246.0
135-139	8912.0
140-144	9137.0
145-149	50617.0
150-152	728356.0
>>END_MODULE
>>Sequence Duplication Levels	pass
#Total Deduplicated Percentage	96.68194314427838
#Duplication Level	Percentage of deduplicated	Percentage of total
1	96.96451392443318	93.74717622254637
2	2.839182281208501	5.489953197760858
3	0.15653278228711776	0.4540168067189647
4	0.023257697824823252	0.08994397675065474
5	0.007504494952419273	0.03627745771581621
6	0.002959628540334465	0.01716855829588802
7	0.0030864942889970793	0.020888578575476886
8	0.00189622516190971	0.014666458663400371
9	3.5461827743871866E-4	0.003085666572352692
>10	5.936818583767815E-4	0.008688389866023168
>50	0.0	0.0
>100	0.0	0.0
>500	0.0	0.0
>1k	1.1817116690557048E-4	0.11813468653419348
>5k	0.0	0.0
>10k+	0.0	0.0
>>END_MODULE
>>Overrepresented sequences	warn
#Sequence	Count	Percentage	Possible Source
NNNNNNNNNNNNNNNNNNNNNNNNNNNNNNNNNNN	1034	0.11812390901031813	No Hit
>>END_MODULE
>>Adapter Content	pass
#Position	Illumina Universal Adapter	Illumina Small RNA 3' Adapter	Illumina Small RNA 5' Adapter	Nextera Transposase Sequence	SOLID Small RNA Adapter
1	0.0	0.0	0.0	0.0	0.0
2	0.0	1.1423975726336377E-4	0.0	0.0	0.0
3	0.0	1.1423975726336377E-4	0.0	0.0	2.2847951452672753E-4
4	0.0	1.1423975726336377E-4	1.1423975726336377E-4	0.0	2.2847951452672753E-4
5	0.0	1.1423975726336377E-4	1.1423975726336377E-4	0.0	2.2847951452672753E-4
6	0.0	1.1423975726336377E-4	1.1423975726336377E-4	0.0	2.2847951452672753E-4
7	0.0	1.1423975726336377E-4	1.1423975726336377E-4	0.0	2.2847951452672753E-4
8	1.1423975726336377E-4	1.1423975726336377E-4	1.1423975726336377E-4	0.0	2.2847951452672753E-4
9	1.1423975726336377E-4	1.1423975726336377E-4	1.1423975726336377E-4	0.0	2.2847951452672753E-4
10-14	1.3708770871603652E-4	1.5993566016870927E-4	1.1423975726336377E-4	0.0	2.9702336888474577E-4
15-19	3.427192717900913E-4	2.7417541743207305E-4	1.1423975726336377E-4	0.0	5.711987863168188E-4
20-24	5.711987863168188E-4	3.427192717900913E-4	1.1423975726336377E-4	0.0	7.539823979382007E-4
25-29	6.397426406748371E-4	4.341110776007823E-4	1.5993566016870927E-4	0.0	7.996783008435463E-4
30-34	0.0012566373298970013	5.48350834864146E-4	2.2847951452672753E-4	0.0	8.225262522962191E-4
35-39	0.002650362368510039	6.168946892221644E-4	3.1987132033741854E-4	0.0	0.001005309863917601
40-44	0.004615286193439896	7.996783008435463E-4	6.168946892221644E-4	0.0	0.0012337893784443287
45-49	0.007265648561949936	7.996783008435463E-4	6.854385435801826E-4	0.0	0.001370877087160365
50-54	0.01062429742549283	8.682221552015646E-4	6.854385435801826E-4	0.0	0.0017592922618558022
55-59	0.014874016395689962	9.139180581069101E-4	6.854385435801826E-4	0.0	0.001942075873477184
60-64	0.02044891655014211	0.0010053098639176013	6.854385435801826E-4	0.0	0.0021705553880039118
65-69	0.026160904413310305	0.001028157815370274	6.854385435801826E-4	0.0	0.0025361226112466757
70-74	0.03162156481049909	0.001028157815370274	6.854385435801826E-4	0.0	0.0027417541743207305
75-79	0.03888721337244903	0.001028157815370274	7.082864950328553E-4	0.0	0.0028788418830367666
80-84	0.04814063371078149	0.001028157815370274	9.139180581069101E-4	0.0	0.0031987132033741853
85-89	0.059221890165327785	0.0011423975726336376	9.139180581069101E-4	0.0	0.0033129529606375488
90-94	0.07217667863899323	0.0011423975726336376	9.139180581069101E-4	0.0	0.0033129529606375488
95-99	0.08483444374377394	0.0011423975726336376	9.36766009559583E-4	0.0	0.0034043447664482405
100-104	0.09824619124649284	0.0011423975726336376	0.0010738537182756194	0.0	0.0034957365722589314
105-109	0.11426260521481643	0.0012337893784443287	0.0011423975726336376	0.0	0.0036328242809749675
110-114	0.1342545627359051	0.0012566373298970013	0.0012566373298970013	0.0	0.003906999698407041
115-119	0.15612005227611292	0.0013708770871603652	0.0013708770871603652	0.0	0.004158327164386441
120-124	0.18490847110648062	0.0013708770871603652	0.0014165729900657107	0.0	0.004523894387629205
125-129	0.21186905382063442	0.0013708770871603652	0.0015765086502344198	0.0	0.004912309562324642
130-134	0.22989608751679325	0.0015308127473290742	0.0016907484074977837	0.0	0.005163637028304043
135-139	0.2484714720478162	0.0015993566016870926	0.0018278361162138203	0.0	0.005460660397188788
140	0.25018506840676663	0.0015993566016870926	0.0018278361162138203	0.0	0.005483508348641461
>>END_MODULE
