##FastQC	0.11.9
>>Basic Statistics	pass
#Measure	Value
Filename	ERR3077935_2.fastq
File type	Conventional base calls
Encoding	Sanger / Illumina 1.9
Total Sequences	620201
Sequences flagged as poor quality	0
Sequence length	35-151
%GC	65
>>END_MODULE
>>Per base sequence quality	fail
#Base	Mean	Median	Lower Quartile	Upper Quartile	10th Percentile	90th Percentile
1	27.174875564534723	32.0	18.0	32.0	16.0	32.0
2	28.11948706951456	32.0	29.0	32.0	16.0	33.0
3	28.124071067283026	32.0	29.0	32.0	16.0	33.0
4	28.124485449072157	32.0	29.0	32.0	16.0	33.0
5	28.037458823832917	32.0	29.0	32.0	16.0	33.0
6	28.707143329340003	32.0	18.0	35.0	16.0	37.0
7	28.81181423441755	32.0	18.0	35.0	16.0	37.0
8	28.671422651688726	32.0	18.0	35.0	16.0	37.0
9	28.31623457556502	32.0	16.0	35.0	16.0	37.0
10-14	30.300004353427358	33.8	28.0	36.2	16.0	37.4
15-19	31.06223079292036	36.0	26.0	38.0	15.2	38.0
20-24	29.87024206668483	34.0	16.4	37.6	15.0	38.0
25-29	30.47847036686494	35.8	17.8	38.0	14.8	38.6
30-34	29.902025633625225	34.8	16.8	37.4	14.0	38.4
35-39	29.68927102522474	34.2	16.4	37.0	14.0	38.0
40-44	30.375383745679688	35.6	21.8	38.0	14.0	38.4
45-49	30.247005161395816	35.4	22.0	37.8	14.0	38.6
50-54	29.68131089124325	34.4	16.4	37.2	14.0	38.0
55-59	29.87323569639189	34.8	16.8	38.0	14.0	38.0
60-64	29.51860433852803	34.0	16.4	37.4	14.0	38.0
65-69	29.60852024335785	34.0	16.4	37.8	14.0	38.0
70-74	28.949554181805667	33.2	16.0	37.0	14.0	38.0
75-79	28.2221612038361	32.8	16.0	37.0	14.0	38.0
80-84	28.33216419279251	32.8	15.8	37.0	14.0	38.0
85-89	27.83601103365077	31.6	15.6	37.0	14.0	38.0
90-94	27.09680795993652	30.2	15.0	37.0	13.0	38.0
95-99	27.11221017192916	30.2	15.0	37.0	13.0	38.0
100-104	26.271956616991098	29.2	14.4	36.0	12.2	38.0
105-109	25.73751718790819	27.2	14.0	35.0	12.0	38.0
110-114	25.8940370675908	28.4	14.0	35.4	12.0	38.0
115-119	24.849159440070075	26.2	13.6	34.2	12.0	38.0
120-124	24.277334997298134	26.0	13.0	34.0	12.0	37.4
125-129	24.11122728988206	25.0	13.0	34.0	12.0	37.0
130-134	23.4303436075668	24.4	13.0	33.0	12.0	37.0
135-139	22.724131612983996	24.0	13.0	32.0	12.0	37.0
140-144	22.272458312434058	24.0	12.8	31.8	12.0	37.0
145-149	21.559260218460842	20.4	12.0	31.0	12.0	36.2
150-151	20.3131343774837	14.5	12.0	28.0	12.0	34.5
>>END_MODULE
>>Per tile sequence quality	pass
#Tile	Base	Mean
1101	1	-0.09823210598981902
1101	2	0.5559548315309968
1101	3	0.34497795884938753
1101	4	0.8010416092326729
1101	5	0.41110900186658483
1101	6	1.9942405522291153
1101	7	1.9320155627547955
1101	8	2.1973162403013617
1101	9	2.578213358320557
1101	10-14	1.2609579941729798
1101	15-19	1.2245540680424334
1101	20-24	2.5600296449368827
1101	25-29	1.7451278167405455
1101	30-34	2.02778497525156
1101	35-39	2.0744549882653196
1101	40-44	1.2718829053719674
1101	45-49	0.8329673952837311
1101	50-54	0.990219911072316
1101	55-59	0.8529037847423275
1101	60-64	0.841660691139726
1101	65-69	0.636319870252386
1101	70-74	0.8028307324960409
1101	75-79	1.0448117738675364
1101	80-84	0.7912352067290378
1101	85-89	0.6490231611415496
1101	90-94	0.8656898166638634
1101	95-99	0.4846216278988855
1101	100-104	0.5146274953220953
1101	105-109	0.6518865309016917
1101	110-114	0.18153815990672584
1101	115-119	0.3693087919296367
1101	120-124	0.32866564975481793
1101	125-129	-0.12936633744465098
1101	130-134	-0.07191958280221655
1101	135-139	0.14546916720883374
1101	140-144	-0.3285141560947764
1101	145-149	-0.23736495781444233
1101	150-151	-0.5078237828466499
1102	1	0.05713036950463746
1102	2	0.40597023624466644
1102	3	0.4236953572256077
1102	4	0.5027536839463949
1102	5	0.13074390154661586
1102	6	-0.9325775912533132
1102	7	0.9606931154191223
1102	8	-0.7093437595953667
1102	9	-0.8609667666727745
1102	10-14	-0.13932899822449585
1102	15-19	0.25900616798890397
1102	20-24	-0.2578861575454283
1102	25-29	0.9988210753280242
1102	30-34	-0.07222586828990174
1102	35-39	-0.1753623853317201
1102	40-44	0.47063033848627356
1102	45-49	-0.15739442665619308
1102	50-54	-0.3332692066150251
1102	55-59	0.5412464396872565
1102	60-64	-0.08254551096490914
1102	65-69	0.5047457809462799
1102	70-74	0.34631180891108215
1102	75-79	-0.1462554374260172
1102	80-84	0.3898711587969039
1102	85-89	0.47425956985066264
1102	90-94	0.08337570855778154
1102	95-99	0.6145312694091025
1102	100-104	0.3225111539187999
1102	105-109	-0.3198973255606816
1102	110-114	0.5417703596665575
1102	115-119	0.0172551532533447
1102	120-124	-0.019380588589218206
1102	125-129	0.34938821027474276
1102	130-134	0.46328894299117707
1102	135-139	0.39131510347922216
1102	140-144	0.49194188867299715
1102	145-149	0.01697105539512833
1102	150-151	-0.13170591143762067
1103	1	-0.2263182786832374
1103	2	0.3505264042870593
1103	3	0.19706615012770712
1103	4	0.06852151039161924
1103	5	0.2603537726875942
1103	6	1.5476208118608987
1103	7	-2.3814758930625572
1103	8	-2.6296710217318413
1103	9	-2.077271624103833
1103	10-14	0.7142669072694154
1103	15-19	0.2993327197669373
1103	20-24	-2.470468736714878
1103	25-29	0.9235298283648063
1103	30-34	-0.16665069105547303
1103	35-39	-1.7255941774369994
1103	40-44	1.3244988479383615
1103	45-49	-0.6344689197142905
1103	50-54	-1.1682115758724514
1103	55-59	0.7838773726295791
1103	60-64	-0.7450645314297013
1103	65-69	0.5790113512506139
1103	70-74	0.9177204584458885
1103	75-79	-1.7435966411413126
1103	80-84	-0.16579420890616348
1103	85-89	-0.10377209500579099
1103	90-94	-0.9823985979992784
1103	95-99	0.4345117424102014
1103	100-104	-0.2680730205675559
1103	105-109	-1.5691663878941107
1103	110-114	0.521662014438963
1103	115-119	-0.25918127790946244
1103	120-124	0.14029233177138778
1103	125-129	0.5079123910958998
1103	130-134	0.05574892195391001
1103	135-139	-0.12326003060058355
1103	140-144	0.5918385050561348
1103	145-149	-0.4526578557658745
1103	150-151	0.38205688190248566
1104	1	0.2760724438858979
1104	2	0.2782079386313967
1104	3	-0.007046249515468617
1104	4	0.5618845790802887
1104	5	0.09985600283924256
1104	6	0.6929276807279798
1104	7	0.8233537233513601
1104	8	1.3054627873671798
1104	9	2.0608425596606637
1104	10-14	1.0582831427734334
1104	15-19	1.095182318339635
1104	20-24	1.9291997735438215
1104	25-29	1.3247585527180625
1104	30-34	1.6818588539935924
1104	35-39	1.7485004077894253
1104	40-44	1.0049317506203295
1104	45-49	0.9226224915609471
1104	50-54	1.394621547750976
1104	55-59	0.591228566890468
1104	60-64	1.0453969239724366
1104	65-69	0.5038784144197805
1104	70-74	0.280889985354829
1104	75-79	0.8469089993657732
1104	80-84	0.4051116407012785
1104	85-89	0.6154541438900836
1104	90-94	0.9220966943268181
1104	95-99	0.4116529352297711
1104	100-104	0.4583755540874179
1104	105-109	0.33624926383652465
1104	110-114	0.5070370254791179
1104	115-119	0.6938644432896552
1104	120-124	0.6894420969935986
1104	125-129	0.6326074492074554
1104	130-134	0.534021044461543
1104	135-139	0.8146951048406059
1104	140-144	0.4996167433595815
1104	145-149	0.8164730443552166
1104	150-151	0.6750841399365086
1105	1	0.2864334395427406
1105	2	0.7199784518710182
1105	3	0.5154718469679764
1105	4	0.2992179746810919
1105	5	0.5054976224161365
1105	6	-0.7933139481890343
1105	7	-1.306464237700336
1105	8	1.2351933248911138
1105	9	-0.29549835473713415
1105	10-14	0.09862398245027038
1105	15-19	0.9283141915007995
1105	20-24	2.18414979455909
1105	25-29	0.946477732655481
1105	30-34	1.3709926698998132
1105	35-39	2.2515771564796303
1105	40-44	1.427258376298365
1105	45-49	1.4721697358931287
1105	50-54	1.4257346004374583
1105	55-59	0.7964891200251927
1105	60-64	1.454080128506181
1105	65-69	1.2776373371876666
1105	70-74	1.0668324656980026
1105	75-79	1.747980925399606
1105	80-84	1.4298673927866865
1105	85-89	1.3695889400733314
1105	90-94	1.8813829184443414
1105	95-99	1.2346618788660209
1105	100-104	1.8010321350053466
1105	105-109	1.269609533322864
1105	110-114	0.8692120065214191
1105	115-119	1.0732745300547322
1105	120-124	1.2189688330306723
1105	125-129	0.832276658033468
1105	130-134	1.152166174117255
1105	135-139	1.0275060665660156
1105	140-144	0.8491959930704169
1105	145-149	1.077823484430251
1105	150-151	0.5206648538246199
1106	1	0.0024237652272276478
1106	2	0.40600984846928156
1106	3	0.3632357846839547
1106	4	0.5813871329332763
1106	5	0.4034811416356021
1106	6	-0.7682430943108827
1106	7	1.4068420644572903
1106	8	0.3201019168364212
1106	9	-0.6918929499995627
1106	10-14	0.6737995540548063
1106	15-19	0.8607512279554541
1106	20-24	1.444555936102116
1106	25-29	1.4620440956894107
1106	30-34	0.9679513256791346
1106	35-39	1.3665122856547498
1106	40-44	0.8177092373291224
1106	45-49	0.8707494921606731
1106	50-54	0.43096934061608394
1106	55-59	0.6587569801278264
1106	60-64	0.5435044308032815
1106	65-69	0.6817759520401374
1106	70-74	0.5054951730274801
1106	75-79	0.763368314215608
1106	80-84	0.4642268415630859
1106	85-89	0.7877634105433131
1106	90-94	0.7989025913623244
1106	95-99	0.7466904663692979
1106	100-104	1.0250391893712347
1106	105-109	0.632009279071827
1106	110-114	0.5841593899260253
1106	115-119	0.6425559294252281
1106	120-124	0.43734799450636785
1106	125-129	0.7173277060848591
1106	130-134	0.7399719475556132
1106	135-139	0.6845386819034154
1106	140-144	0.6167129190790206
1106	145-149	0.6595919908712524
1106	150-151	0.6790229076312642
1107	1	0.4041386563327407
1107	2	0.286723005621198
1107	3	0.08300542180009174
1107	4	0.49586692852470904
1107	5	0.6474828719233336
1107	6	1.8400036329891734
1107	7	1.8880207863172025
1107	8	1.247922890709809
1107	9	1.7069962932561609
1107	10-14	0.5662322579593138
1107	15-19	0.689593878081741
1107	20-24	1.9971901892006905
1107	25-29	0.04604194016146934
1107	30-34	1.1872679353416125
1107	35-39	1.4807601829375372
1107	40-44	0.9740935838523797
1107	45-49	1.3212529957012293
1107	50-54	1.5022997349735796
1107	55-59	-0.31685471221349104
1107	60-64	0.9424290066195979
1107	65-69	0.8866379395069721
1107	70-74	0.5568256743444202
1107	75-79	1.6737822681202985
1107	80-84	1.1190553674796107
1107	85-89	0.8974558728667574
1107	90-94	1.6687124844110421
1107	95-99	0.2900938645796671
1107	100-104	0.9087720520367952
1107	105-109	0.9204705657232246
1107	110-114	0.8231589347061217
1107	115-119	1.605007586913473
1107	120-124	1.421255694941106
1107	125-129	0.8202515962048551
1107	130-134	1.0527046622293206
1107	135-139	1.244749259374803
1107	140-144	0.9433983067040863
1107	145-149	1.4807334600847888
1107	150-151	0.8969938306708514
1108	1	0.5005675873238928
1108	2	0.8013902291215693
1108	3	0.9101708275118625
1108	4	0.9794766278717972
1108	5	0.4605101704471046
1108	6	0.9556862079473163
1108	7	0.5181203824884726
1108	8	1.1858287236671572
1108	9	2.585800318865541
1108	10-14	1.0547488305981467
1108	15-19	1.2501114351230136
1108	20-24	1.36128000846589
1108	25-29	0.9237716993184719
1108	30-34	1.4943706226857074
1108	35-39	1.3866173200974004
1108	40-44	0.889249063535285
1108	45-49	1.3339782475539188
1108	50-54	1.073454735951696
1108	55-59	1.0795069474900352
1108	60-64	1.302339647456634
1108	65-69	1.4733969315302105
1108	70-74	1.3487320977850707
1108	75-79	1.8001928805477974
1108	80-84	1.6400966663134504
1108	85-89	1.2903755484234374
1108	90-94	1.6094692417396317
1108	95-99	1.4397361565003912
1108	100-104	1.014983608775534
1108	105-109	0.6864817390773226
1108	110-114	1.0151896093679085
1108	115-119	1.5504308297766691
1108	120-124	1.354710186705141
1108	125-129	1.2877149166661646
1108	130-134	1.1908370359931908
1108	135-139	0.9392719356826653
1108	140-144	1.2529064671687244
1108	145-149	1.2818513659674515
1108	150-151	0.820839198283629
1109	1	0.28341120068395753
1109	2	0.5636381152685495
1109	3	0.36090916421099095
1109	4	0.3993136770172754
1109	5	0.2757332108036472
1109	6	-0.3022188876571157
1109	7	0.16277500071214135
1109	8	1.8161311320118827
1109	9	0.3837764443296372
1109	10-14	0.13262460531107578
1109	15-19	0.23085647897606876
1109	20-24	0.9383206508866202
1109	25-29	-0.6003223767619161
1109	30-34	0.4679982400334133
1109	35-39	-0.0033280939655355724
1109	40-44	-0.04222616592306139
1109	45-49	0.8964730874427396
1109	50-54	0.2680580321423953
1109	55-59	-0.04876477097991483
1109	60-64	0.4866096998778602
1109	65-69	0.6959788776168878
1109	70-74	0.1118185440934063
1109	75-79	0.5282014428125699
1109	80-84	0.7313558657971235
1109	85-89	0.9022151040724253
1109	90-94	1.052408847801047
1109	95-99	0.6434100585388656
1109	100-104	1.075246114711259
1109	105-109	1.1496859715292693
1109	110-114	1.0264375924516393
1109	115-119	0.8729923694149768
1109	120-124	0.8307062725153003
1109	125-129	0.6511588569290403
1109	130-134	0.8894496724307679
1109	135-139	1.099643482622561
1109	140-144	1.2001212963635055
1109	145-149	1.3390420523741504
1109	150-151	0.5994568568888461
1110	1	0.7903855473661103
1110	2	1.0008505857242724
1110	3	1.0121335962714575
1110	4	0.9326322577798969
1110	5	0.9520637505410967
1110	6	1.609036509773759
1110	7	2.1038175666375345
1110	8	1.9353671567375912
1110	9	1.8906461579657083
1110	10-14	1.4484228051718446
1110	15-19	0.9180620552975185
1110	20-24	1.3258032699663573
1110	25-29	-0.5192179402080477
1110	30-34	1.0186467207127414
1110	35-39	1.244173759645971
1110	40-44	0.10896751602703603
1110	45-49	0.8900045862347099
1110	50-54	0.9643922498672843
1110	55-59	0.3963900497225943
1110	60-64	0.9454244547005572
1110	65-69	0.9613320121140809
1110	70-74	0.7108915776636309
1110	75-79	1.1815264491481692
1110	80-84	0.9299296932372236
1110	85-89	0.7987721529279135
1110	90-94	1.346585229621013
1110	95-99	1.1181841736539049
1110	100-104	1.0302918537130452
1110	105-109	1.771609054349124
1110	110-114	1.1741069090473353
1110	115-119	1.3516188416411836
1110	120-124	1.5005169805612262
1110	125-129	0.9343538359895618
1110	130-134	1.2550928450018972
1110	135-139	1.008798002545273
1110	140-144	1.2293456292159526
1110	145-149	1.5057029729337152
1110	150-151	0.8965475287943008
1111	1	0.6224888032556599
1111	2	0.8720771977664938
1111	3	0.7917960792363488
1111	4	0.5006889147602536
1111	5	0.4227291730258571
1111	6	2.237768892036506
1111	7	-0.42442993962774267
1111	8	-0.21692407149973292
1111	9	-0.049956859268828424
1111	10-14	1.0409139618593635
1111	15-19	1.3317824300839654
1111	20-24	0.5021833918251914
1111	25-29	1.3514536471420158
1111	30-34	1.4666387400143748
1111	35-39	0.9339247430742148
1111	40-44	1.6191857131554244
1111	45-49	1.2024339959276347
1111	50-54	1.0881984631761803
1111	55-59	1.2423902038366954
1111	60-64	0.9033182362323622
1111	65-69	0.9425546638935707
1111	70-74	1.2628483172945906
1111	75-79	0.28398550125055877
1111	80-84	1.0731599482842533
1111	85-89	1.4108424404657178
1111	90-94	0.8938891162183609
1111	95-99	1.355318041889145
1111	100-104	1.144919545732769
1111	105-109	1.1983625467800358
1111	110-114	1.3297404060714015
1111	115-119	1.1894974603791297
1111	120-124	1.2730387228786526
1111	125-129	1.4610243714899873
1111	130-134	1.2517084012564368
1111	135-139	1.1779250765688616
1111	140-144	1.1919759501973068
1111	145-149	0.8885937858046873
1111	150-151	1.0488265367163123
1112	1	1.2300366003416592
1112	2	0.7136900822672061
1112	3	0.6307194156831528
1112	4	0.9470858174703842
1112	5	0.7408608430258745
1112	6	1.0774359439294798
1112	7	0.6972702628359464
1112	8	1.2803513758641039
1112	9	2.4801750499584863
1112	10-14	0.9532970703014527
1112	15-19	1.3755191604448989
1112	20-24	1.4322014218235921
1112	25-29	1.621204059193449
1112	30-34	1.543604739834958
1112	35-39	1.1311977321981281
1112	40-44	1.4800739183724332
1112	45-49	1.409953623662961
1112	50-54	1.0487308966031996
1112	55-59	1.5240625289613874
1112	60-64	1.0436140666742197
1112	65-69	1.1252025905999297
1112	70-74	1.3105493638942853
1112	75-79	1.1877362858343972
1112	80-84	0.9068343247798332
1112	85-89	1.3947113602713053
1112	90-94	1.487263323244349
1112	95-99	1.743261907997244
1112	100-104	1.360400976679621
1112	105-109	1.9932737633997704
1112	110-114	1.4087130912448274
1112	115-119	1.6116854380933674
1112	120-124	1.6700550183011202
1112	125-129	1.3775363477229021
1112	130-134	1.6005727071990208
1112	135-139	1.4758488946479922
1112	140-144	1.2665604319826684
1112	145-149	1.3912452523950094
1112	150-151	0.768357862481654
1113	1	0.7556699010370984
1113	2	0.7545627693702137
1113	3	0.8796963432019211
1113	4	0.742684722845592
1113	5	0.976845377684807
1113	6	0.9558221255468133
1113	7	0.4270033852782653
1113	8	1.9823924996119402
1113	9	1.2558522862819537
1113	10-14	0.8348742338173061
1113	15-19	0.9487159167402446
1113	20-24	2.3453168344419026
1113	25-29	1.740510629452789
1113	30-34	2.291492063778616
1113	35-39	2.078980440216011
1113	40-44	1.6358219882245137
1113	45-49	1.555057271194901
1113	50-54	1.4930748276240173
1113	55-59	1.3607538505174936
1113	60-64	1.2790466151887507
1113	65-69	1.401514078501208
1113	70-74	1.5283876381306527
1113	75-79	2.279465295087892
1113	80-84	1.705268518756288
1113	85-89	1.7799010561646504
1113	90-94	1.925597307156906
1113	95-99	1.563399461308368
1113	100-104	2.1848550068175676
1113	105-109	2.1439707830928008
1113	110-114	1.4901048756759891
1113	115-119	1.8741876142783802
1113	120-124	2.0056350740293034
1113	125-129	1.6365693905155716
1113	130-134	1.6428823833586748
1113	135-139	1.7290600147271036
1113	140-144	1.68680425452796
1113	145-149	1.7632223038369332
1113	150-151	1.4766921633498526
1114	1	0.9316743545743584
1114	2	0.5362392283461084
1114	3	0.7543736198916058
1114	4	0.7099305057203686
1114	5	0.9798749344313364
1114	6	-1.8678285312006757
1114	7	1.3901797893489949
1114	8	-1.0639591855501287
1114	9	-0.7405275266709026
1114	10-14	0.5962602320411499
1114	15-19	0.8700237399619688
1114	20-24	-0.25421744894621057
1114	25-29	1.6450165131895993
1114	30-34	-0.2953815509321238
1114	35-39	0.04809296042577316
1114	40-44	1.1950733997839222
1114	45-49	0.8906836862966152
1114	50-54	0.9048345762585868
1114	55-59	1.72695221884263
1114	60-64	0.8751384588312909
1114	65-69	1.267918737737034
1114	70-74	1.6962233024907114
1114	75-79	1.0805918228719165
1114	80-84	1.0365087205781371
1114	85-89	1.231532209375601
1114	90-94	1.2673933805113826
1114	95-99	1.7200828915601285
1114	100-104	1.4911298792896979
1114	105-109	1.893491488238599
1114	110-114	1.8655040818926487
1114	115-119	1.9002192551912351
1114	120-124	1.408497375554969
1114	125-129	1.9627614086586291
1114	130-134	1.3327506293488725
1114	135-139	1.299739482354905
1114	140-144	1.5971817194785594
1114	145-149	1.3972140216181508
1114	150-151	1.3115148736215474
2101	1	-1.6005879398558243
2101	2	-0.688510731321724
2101	3	-0.463246529830581
2101	4	-0.40555827046782156
2101	5	-0.16492443309908822
2101	6	0.9917317984603287
2101	7	0.5777037306008879
2101	8	1.0529249689920377
2101	9	1.4425981055501786
2101	10-14	-0.019728127827313813
2101	15-19	0.16257150204269877
2101	20-24	-0.5256359714660874
2101	25-29	-0.30315263572135365
2101	30-34	0.905120020684425
2101	35-39	0.8685594332435898
2101	40-44	-0.25430787147998046
2101	45-49	-0.5884355743503029
2101	50-54	-0.34297794664173153
2101	55-59	-0.43201720174591784
2101	60-64	-0.6004282528108007
2101	65-69	-0.7367145095009207
2101	70-74	-0.6690195533557812
2101	75-79	-0.21616519629639086
2101	80-84	-0.675849133691127
2101	85-89	-0.7600447808064175
2101	90-94	-0.30319132266283333
2101	95-99	-0.6884329431368812
2101	100-104	-0.4661503418638233
2101	105-109	-0.6217865302287358
2101	110-114	-1.5407053545955414
2101	115-119	-0.924477571389815
2101	120-124	-0.9383484347350901
2101	125-129	-1.3695769498221217
2101	130-134	-1.4064537963305952
2101	135-139	-1.1004577979742365
2101	140-144	-1.4284364241371428
2101	145-149	-1.3005651740431183
2101	150-151	-0.832625871022735
2102	1	-0.8808090120904914
2102	2	-1.4494300348068734
2102	3	-0.8782070955558012
2102	4	-0.7748493117214821
2102	5	-1.0642541791578068
2102	6	-2.707919343374332
2102	7	-0.48283024123299967
2102	8	-2.310120095072566
2102	9	-2.083647356719073
2102	10-14	-1.693692066277233
2102	15-19	-1.4991537367513637
2102	20-24	-2.208873615536355
2102	25-29	-1.448775731590839
2102	30-34	-2.041206369813594
2102	35-39	-1.8143016522528335
2102	40-44	-1.5283170039673308
2102	45-49	-2.264314705255483
2102	50-54	-2.250738676908103
2102	55-59	-1.3548311487515683
2102	60-64	-2.232802924841728
2102	65-69	-1.7206392279990048
2102	70-74	-1.452188023194104
2102	75-79	-1.7557005147005178
2102	80-84	-1.7314338163690302
2102	85-89	-1.5536541859567556
2102	90-94	-2.0439459660830934
2102	95-99	-1.611591138322737
2102	100-104	-1.682119716484383
2102	105-109	-1.9548421526744342
2102	110-114	-1.4045173416309318
2102	115-119	-1.6613615055384905
2102	120-124	-1.7572192663657908
2102	125-129	-1.658673831749514
2102	130-134	-1.9163924629827847
2102	135-139	-1.4920474382231923
2102	140-144	-1.411731656966257
2102	145-149	-1.5515552517608349
2102	150-151	-1.356895197848992
2103	1	-0.5872462346720724
2103	2	-1.0636204748844946
2103	3	-0.9531886939319989
2103	4	-0.8861445629872904
2103	5	-1.164044512171433
2103	6	0.13847170786025131
2103	7	-3.294750032458211
2103	8	-3.653532313750773
2103	9	-3.73345664898147
2103	10-14	-1.7446103630675402
2103	15-19	-1.463717116404741
2103	20-24	-3.5401702051020827
2103	25-29	-0.8005219899273328
2103	30-34	-1.9054476652879053
2103	35-39	-3.159174621484741
2103	40-44	-0.8004774655803004
2103	45-49	-2.087101476799713
2103	50-54	-2.66702929143948
2103	55-59	-0.36802650246335844
2103	60-64	-2.3616734837694793
2103	65-69	-1.3459340638790351
2103	70-74	-0.7431351340715402
2103	75-79	-2.965062687357264
2103	80-84	-2.0277345383250065
2103	85-89	-1.8335022259082479
2103	90-94	-3.4782070722229435
2103	95-99	-1.7157752036137701
2103	100-104	-2.583801050195028
2103	105-109	-2.766161114286927
2103	110-114	-1.7427002591219853
2103	115-119	-2.5866294332768582
2103	120-124	-1.8460722678372896
2103	125-129	-1.0259138402946846
2103	130-134	-1.9912407127438563
2103	135-139	-1.8028376679959166
2103	140-144	-1.275630163423127
2103	145-149	-1.8416188389035817
2103	150-151	-1.2001748571705164
2104	1	-0.38285994400983725
2104	2	-0.5847170588718491
2104	3	-0.15962989078182233
2104	4	-0.388777560138724
2104	5	-0.7656134868241935
2104	6	-0.3240794100540043
2104	7	0.18062007709149697
2104	8	0.28919094076775664
2104	9	0.9051022220994902
2104	10-14	-0.5057937173084568
2104	15-19	-0.7859609154564282
2104	20-24	-0.16421330944828938
2104	25-29	-0.1009797075436012
2104	30-34	0.10453960901206472
2104	35-39	0.3689779527522319
2104	40-44	-0.34486416183455404
2104	45-49	-0.4684882227661511
2104	50-54	-0.17128730249335433
2104	55-59	-0.8706351771543801
2104	60-64	-0.42612849391523966
2104	65-69	-1.1613345064107072
2104	70-74	-0.9581272965140322
2104	75-79	0.04984745583871941
2104	80-84	-0.8208719534725724
2104	85-89	-0.7152900364389652
2104	90-94	-0.8289433465448575
2104	95-99	-1.333223038411301
2104	100-104	-1.2628937195245307
2104	105-109	-0.5723721367946233
2104	110-114	-1.2254051949708185
2104	115-119	-1.1856455007337132
2104	120-124	-1.0369996420435186
2104	125-129	-1.0900125733843389
2104	130-134	-0.7207026765824516
2104	135-139	-0.479814526224299
2104	140-144	-0.29310835969103266
2104	145-149	-0.6150013060654089
2104	150-151	-0.4909000937694472
2105	1	-0.6031178395149119
2105	2	-0.8149782961864176
2105	3	-0.8019045491106098
2105	4	-0.9780749350897509
2105	5	-1.1809091793469904
2105	6	-1.9084812261546098
2105	7	-2.2344317017498554
2105	8	0.11853971044410017
2105	9	-2.423497521310999
2105	10-14	-0.7834391244330412
2105	15-19	-2.2684079650611686
2105	20-24	-1.369722493662664
2105	25-29	-1.9712001517353777
2105	30-34	-0.931924141957829
2105	35-39	-0.1273196245154331
2105	40-44	-1.1125940204488671
2105	45-49	-0.6141731781296578
2105	50-54	-0.9531774075008705
2105	55-59	-1.3462704524926714
2105	60-64	-0.735210047329268
2105	65-69	-1.0351102493442
2105	70-74	-0.776962112536534
2105	75-79	-0.06581815106957833
2105	80-84	-0.5579602463414446
2105	85-89	-0.6209016960318472
2105	90-94	-0.5628221647494129
2105	95-99	-0.8868669927937596
2105	100-104	-0.48892209114319485
2105	105-109	-0.04913650092763788
2105	110-114	-0.920288534117919
2105	115-119	-1.1995469457049879
2105	120-124	-0.8933684158542121
2105	125-129	-1.020483502930368
2105	130-134	-0.861852050439488
2105	135-139	-1.130054251297743
2105	140-144	-1.4220023700308637
2105	145-149	-1.113197563011191
2105	150-151	-0.7521231529034367
2106	1	-0.7311682940621225
2106	2	-0.6376241631129353
2106	3	-0.6699186166797979
2106	4	-1.2384864056882208
2106	5	-0.9114874848197339
2106	6	-1.493882352952209
2106	7	0.020176123190498885
2106	8	-0.7991961378829089
2106	9	-1.90413044591919
2106	10-14	-1.0581959001059715
2106	15-19	-0.6907654622867163
2106	20-24	-1.0484178406923412
2106	25-29	-0.4891427794088159
2106	30-34	-1.159993737370204
2106	35-39	-1.1141356093286987
2106	40-44	-1.3942608230137665
2106	45-49	-0.930181669545977
2106	50-54	-0.3417068292656218
2106	55-59	-0.6067131861035939
2106	60-64	-0.9429694829035888
2106	65-69	-0.9904707540496638
2106	70-74	-0.8039427360403586
2106	75-79	-0.2317461416365738
2106	80-84	-0.71758639862961
2106	85-89	-0.9911413249016832
2106	90-94	-0.8816481458403373
2106	95-99	-0.7867689929260422
2106	100-104	-0.654420178449886
2106	105-109	-0.4294768869855581
2106	110-114	-1.6016808765192572
2106	115-119	-1.8660855324293983
2106	120-124	-1.6241107611251273
2106	125-129	-1.3983066743897687
2106	130-134	-0.8487200483943376
2106	135-139	-0.9327246819408401
2106	140-144	-1.3289177859822594
2106	145-149	-1.0351992892399586
2106	150-151	-0.8646056871905756
2107	1	-0.37087566100902336
2107	2	-0.39425014811470405
2107	3	0.12114860042797915
2107	4	-0.23674873584119638
2107	5	-0.18487657823864012
2107	6	0.5697341196138019
2107	7	0.549730114103351
2107	8	0.5204384574268843
2107	9	0.2681687912816919
2107	10-14	-0.5185847601172284
2107	15-19	-0.9255303148174683
2107	20-24	0.1472702751351278
2107	25-29	-2.2477792205005933
2107	30-34	-1.5999157534395323
2107	35-39	-0.0819385179487746
2107	40-44	-0.7834805463876116
2107	45-49	-1.1389944917455992
2107	50-54	-0.4948721117222341
2107	55-59	-2.0733342270304433
2107	60-64	-1.0427495434370293
2107	65-69	-1.2583187229991886
2107	70-74	-0.7565732348903289
2107	75-79	-0.1998923242977817
2107	80-84	-1.3402671970466606
2107	85-89	-1.1424277770592681
2107	90-94	-0.36604279767752956
2107	95-99	-1.2542864747756965
2107	100-104	-1.422756521779089
2107	105-109	-0.7353483387950703
2107	110-114	-1.0570847885251382
2107	115-119	-0.6685316576514104
2107	120-124	-0.7890497366677955
2107	125-129	-1.0266489542706232
2107	130-134	-1.0586193002707098
2107	135-139	-1.1690574655370831
2107	140-144	-1.5131240734211175
2107	145-149	-0.7740609439763837
2107	150-151	-0.3775651839938803
2108	1	-0.849374506824212
2108	2	-0.6321393880185617
2108	3	-1.138091571152895
2108	4	-0.5540521377116896
2108	5	-0.35129708822174166
2108	6	-0.29496225243826757
2108	7	-0.016489008478213663
2108	8	0.6998487522794576
2108	9	0.6773154084492994
2108	10-14	-0.32913469348387636
2108	15-19	-0.4263657601900199
2108	20-24	0.11103348281699965
2108	25-29	-0.6978348474490197
2108	30-34	-0.44222272495377624
2108	35-39	-0.5431983495412211
2108	40-44	-0.7626387055834556
2108	45-49	-0.7139260560454481
2108	50-54	-0.2814186846219293
2108	55-59	-0.7122567784058553
2108	60-64	-0.6605990856750488
2108	65-69	-0.630228250913234
2108	70-74	-0.6515382478160383
2108	75-79	-0.41088793621776887
2108	80-84	0.028043874962587978
2108	85-89	-0.48641162174182284
2108	90-94	-0.5488181728195407
2108	95-99	-0.8810638536212672
2108	100-104	-0.9641382916193173
2108	105-109	-1.4613821959941298
2108	110-114	-0.806336029662436
2108	115-119	-0.3206725509952122
2108	120-124	-0.3345340965090706
2108	125-129	-0.4963625446784299
2108	130-134	-0.6035348094509771
2108	135-139	-0.6638462421009557
2108	140-144	-0.32359356433213193
2108	145-149	-0.3900916126077405
2108	150-151	-0.02551720309109129
2109	1	-0.12927581608066774
2109	2	-0.17930059690378286
2109	3	-1.228045185739571
2109	4	-0.9057138201902646
2109	5	-0.4703365912542665
2109	6	-1.183251033622863
2109	7	-1.4479062938716787
2109	8	0.10616893193938992
2109	9	-0.8276076708241149
2109	10-14	-1.1062166900617818
2109	15-19	-1.2781863255993713
2109	20-24	-0.5075423570473383
2109	25-29	-1.1785406925076103
2109	30-34	-1.159889953057725
2109	35-39	-1.1119247916501536
2109	40-44	-1.5221874822082242
2109	45-49	-0.485925971105587
2109	50-54	-1.0444032635872738
2109	55-59	-1.8313798053895205
2109	60-64	-0.9398535639124184
2109	65-69	-1.080813028072395
2109	70-74	-1.7967012437405891
2109	75-79	-1.1633038404679859
2109	80-84	-0.7195027498119195
2109	85-89	-1.2167005397659452
2109	90-94	-0.8207166415877651
2109	95-99	-0.9596987778327133
2109	100-104	-0.7492590818672049
2109	105-109	-1.0991789395704643
2109	110-114	-1.0444767967310504
2109	115-119	-0.5443531733009976
2109	120-124	-0.40372465992746953
2109	125-129	-0.8218654798241367
2109	130-134	-0.7730157520748442
2109	135-139	-0.7305896187650553
2109	140-144	-0.5274938525223867
2109	145-149	-0.2609545930897106
2109	150-151	-0.5928543514888105
2110	1	-0.05343692275103251
2110	2	-0.565500514955211
2110	3	0.13799336847267085
2110	4	-0.16208666508196146
2110	5	0.023414590234949628
2110	6	0.23852310498153528
2110	7	1.1486836283731385
2110	8	-0.08064310548059339
2110	9	0.5697373489769255
2110	10-14	0.23740250048975753
2110	15-19	-1.1875915075511116
2110	20-24	-1.0595514884596469
2110	25-29	-3.016824109820636
2110	30-34	-3.4567603620425125
2110	35-39	-2.7709563653620286
2110	40-44	-3.711171414049897
2110	45-49	-0.6373117036008367
2110	50-54	-0.5674296018475466
2110	55-59	-0.7156807090078985
2110	60-64	-0.022018769381574543
2110	65-69	-0.7292118006486028
2110	70-74	-0.921861063509926
2110	75-79	-0.3505597224194048
2110	80-84	-0.24926999832854335
2110	85-89	-1.0336934740262755
2110	90-94	-0.24512712900773437
2110	95-99	-0.07790559181275114
2110	100-104	-0.23496901235384726
2110	105-109	0.022361341809965296
2110	110-114	-0.25802891954923624
2110	115-119	-0.8317341644220448
2110	120-124	-0.5161449813302532
2110	125-129	-0.6479047601380437
2110	130-134	-0.17255762416260012
2110	135-139	0.05525956478099303
2110	140-144	-0.45385735584903486
2110	145-149	-0.3212298849260229
2110	150-151	-0.44254098218521776
2111	1	-0.2242807319878075
2111	2	-0.36943405826538367
2111	3	-0.700047259293072
2111	4	-0.7636549130754631
2111	5	-0.33011163502002816
2111	6	0.480668685087263
2111	7	-2.2597128480842485
2111	8	-2.3831336217651504
2111	9	-1.510518374260478
2111	10-14	-0.7469403530273659
2111	15-19	-0.6561139701119565
2111	20-24	-2.429097179883268
2111	25-29	-0.7671007483188035
2111	30-34	-1.386581054387566
2111	35-39	-1.8011037860810504
2111	40-44	-1.0328678763899575
2111	45-49	-1.4214269925493461
2111	50-54	-0.8985075869056978
2111	55-59	-0.3493767906577325
2111	60-64	-0.4181915652301136
2111	65-69	-0.8477935447770797
2111	70-74	-0.5351044949144743
2111	75-79	-1.6870354758068515
2111	80-84	-0.8985166411470793
2111	85-89	-0.7057810792688137
2111	90-94	-0.7329662631500433
2111	95-99	-0.39357162023433645
2111	100-104	-0.5648825378610134
2111	105-109	-1.0954731040656718
2111	110-114	-1.1740342604499325
2111	115-119	-1.6781854046450668
2111	120-124	-2.3611960674113384
2111	125-129	-0.9272292817638679
2111	130-134	-0.8829584640666646
2111	135-139	-0.8947991649092657
2111	140-144	-1.1238890351696327
2111	145-149	-1.3095714960541223
2111	150-151	-0.922086011503982
2112	1	-0.2602950817334424
2112	2	-0.30027539636014566
2112	3	-0.4983297038981185
2112	4	-0.3885641324906999
2112	5	-0.600690410452966
2112	6	-0.031595650283858134
2112	7	-0.6872655185151224
2112	8	-0.943976074437618
2112	9	1.079496822918049
2112	10-14	-0.48383039816776474
2112	15-19	-0.20085134995207454
2112	20-24	-0.6217951921312341
2112	25-29	-0.6316133903721735
2112	30-34	-0.7425889820426264
2112	35-39	-0.7395445977699922
2112	40-44	-0.728887778563994
2112	45-49	-0.7572204123398194
2112	50-54	-0.7578704815770472
2112	55-59	-0.2965445941461837
2112	60-64	-0.3763414305005739
2112	65-69	-0.7677988790932986
2112	70-74	-0.8578082256594293
2112	75-79	-1.444346546852593
2112	80-84	-0.9485437738833049
2112	85-89	-0.7498909124150117
2112	90-94	-1.5576501413228527
2112	95-99	-1.321551480628976
2112	100-104	-1.327823158558573
2112	105-109	-0.9531921986603287
2112	110-114	-0.6544830008240616
2112	115-119	-0.6774109461229649
2112	120-124	-0.8818041966603083
2112	125-129	-0.6714385450290123
2112	130-134	-0.5172650779721906
2112	135-139	-0.9722480269049782
2112	140-144	-0.8483326385345649
2112	145-149	-0.7719890192976564
2112	150-151	-0.8876794595373028
2113	1	0.44731803215907817
2113	2	-0.3877093656425039
2113	3	1.7017627735427254E-4
2113	4	-0.7631874254538076
2113	5	-0.18732909647291507
2113	6	-0.6323403204055431
2113	7	-0.2993123250295042
2113	8	0.7233436127787236
2113	9	-0.18540398180313034
2113	10-14	-0.4117185162934689
2113	15-19	-0.14332567558055231
2113	20-24	0.5921506249748916
2113	25-29	0.5689638029950039
2113	30-34	0.5669886064216492
2113	35-39	0.6795069018536779
2113	40-44	0.3062106620214209
2113	45-49	0.11631955262521743
2113	50-54	0.332173394286297
2113	55-59	-0.2670587002559337
2113	60-64	0.17469918144646712
2113	65-69	-0.24814468891860386
2113	70-74	-0.43708554382675757
2113	75-79	-0.1592751494029585
2113	80-84	-0.18080415053669796
2113	85-89	-0.19017619577031653
2113	90-94	-0.1991953245505691
2113	95-99	-0.5817347150233374
2113	100-104	-0.41087576386070523
2113	105-109	-0.022251272923302423
2113	110-114	0.011368783159966256
2113	115-119	-0.07621412082071544
2113	120-124	-0.2643037658103786
2113	125-129	-0.48720981005523356
2113	130-134	-0.39192006424634585
2113	135-139	-0.5916365427451566
2113	140-144	-0.3440870915915646
2113	145-149	-0.2514983100338988
2113	150-151	-0.06949479593728825
2114	1	0.410127668029471
2114	2	-0.1783286970755178
2114	3	-0.028908365350247323
2114	4	-0.07658706631728052
2114	5	0.08531830997005585
2114	6	-2.088978131147474
2114	7	0.04806272685006263
2114	8	-3.2260240358601884
2114	9	-2.500345086643044
2114	10-14	-1.129494369874756
2114	15-19	-0.9184071905833164
2114	20-24	-2.4130933020432828
2114	25-29	-0.5247150710831896
2114	30-34	-1.7344662687127403
2114	35-39	-2.4939536919645704
2114	40-44	-0.5073059855858837
2114	45-49	-0.8153023609340835
2114	50-54	-0.6438623437616009
2114	55-59	0.03518669332502
2114	60-64	-0.25068485534805873
2114	65-69	-0.3853923109907136
2114	70-74	-1.0863102295601266
2114	75-79	-1.9287536492678434
2114	80-84	-1.6164304142763974
2114	85-89	-1.4985070249695163
2114	90-94	-2.251093573840123
2114	95-99	-1.3076856530774386
2114	100-104	-1.251100079332911
2114	105-109	-1.0197967757714075
2114	110-114	0.08003811714158005
2114	115-119	-0.27186845870020093
2114	120-124	-0.6128753506767737
2114	125-129	-0.3998900530984244
2114	130-134	-0.9440429453776709
2114	135-139	-1.0104463820839165
2114	140-144	-0.7948815771311502
2114	145-149	-1.3919086934766298
2114	150-151	-0.6214650921743754
>>END_MODULE
>>Per sequence quality scores	pass
#Quality	Count
2	1008.0
3	0.0
4	0.0
5	0.0
6	0.0
7	0.0
8	0.0
9	0.0
10	0.0
11	0.0
12	0.0
13	1.0
14	50.0
15	466.0
16	1923.0
17	5504.0
18	13264.0
19	23610.0
20	30294.0
21	32911.0
22	33490.0
23	33533.0
24	33865.0
25	33957.0
26	33801.0
27	34159.0
28	34091.0
29	34280.0
30	34731.0
31	35001.0
32	35183.0
33	35331.0
34	34703.0
35	32055.0
36	24455.0
37	8495.0
38	40.0
>>END_MODULE
>>Per base sequence content	warn
#Base	G	A	T	C
1	48.59163459535234	13.377089211279843	7.383804403473554	30.647471789894265
2	30.860167992855214	14.307655286800722	23.492029141156312	31.34014757918775
3	28.329777629915064	16.30347888299771	17.704980514960603	37.661762972126624
4	36.54078776730357	19.78817589992135	13.609972980960702	30.061063351814376
5	33.04381670981423	21.408349254594285	15.316710621728605	30.231123413862882
6	30.873572537157234	22.914341731899423	14.550552089574657	31.661533641368685
7	28.855461867301475	16.279576804001337	24.57020670453316	30.29475462416403
8	25.991411401614684	16.56204123754629	18.89959996317788	38.54694739766115
9	30.700443964967306	16.203833053668244	18.724533384582838	34.37118959678161
10-14	32.21005405422865	17.489926404206766	16.566078750890274	33.73394079067431
15-19	31.6661525566342	17.663668678424983	17.145025864310483	33.52515290063033
20-24	31.292214220768	17.45465468763374	17.68001253244142	33.57311855915684
25-29	31.871355134828722	17.61063190313844	17.447548664148336	33.070464297884506
30-34	31.745869220097774	17.461373109838128	17.404460321741364	33.38829734832274
35-39	31.48978742435249	17.399735540693904	17.597756878397835	33.51272015655577
40-44	31.91036258297004	17.461407927845833	17.597577171200466	33.03065231798366
45-49	31.85148274753092	17.288746732093948	17.540939600796747	33.31883091957839
50-54	31.648384574537573	17.299081681532172	17.56533489148711	33.48719885244314
55-59	31.95462644298251	17.35845944524017	17.472939697722587	33.21397441405473
60-64	31.880617468322285	17.15524270866191	17.56795934153815	33.39618048147765
65-69	31.790321228430386	17.206935154301757	17.716337262728064	33.286406354539785
70-74	31.811394647644832	17.27571663426212	17.590821737092945	33.322066981000106
75-79	31.702138004852955	17.129848876313567	17.56462337638117	33.60338974245231
80-84	31.725670463086164	17.220502411578263	17.659361967788755	33.39446515754682
85-89	31.789908799747714	17.219774127205618	17.63703350791199	33.35328356513468
90-94	31.688316319463016	17.063211225725574	17.69637956360554	33.55209289120587
95-99	31.79630119046337	17.150604608422324	17.700602229509837	33.352491971604465
100-104	31.703956921097298	17.173142560570458	17.737596546471792	33.38530397186045
105-109	31.743543574718053	17.079864759167148	17.758467318290265	33.41812434782453
110-114	31.77266431523812	17.176515247005643	17.852253444264804	33.19856699349143
115-119	31.616154156459576	17.16762295735974	17.943875428493815	33.27234745768688
120-124	31.657293853314684	17.1546145095315	17.93788011001304	33.25021152714078
125-129	31.724598009647615	17.22481354473572	18.016218144726587	33.03437030089008
130-134	31.532271803425477	17.271268566538435	18.298158104301454	32.89830152573464
135-139	31.4965506584148	17.20781182887502	18.246447131524373	33.0491903811858
140-144	31.33991707563675	17.47627834792034	18.34134630387431	32.8424582725686
145-149	31.181145221454297	17.19282825529453	18.595673828455134	33.030352694796036
150-151	32.95038923143031	7.276354315522289	20.238785238185653	39.534471214861746
>>END_MODULE
>>Per sequence GC content	warn
#GC Content	Count
0	1008.0
1	504.0
2	0.0
3	0.0
4	0.0
5	0.0
6	0.0
7	0.0
8	0.5
9	0.5
10	1.0
11	1.0
12	0.5
13	0.5
14	0.5
15	1.5
16	5.5
17	5.5
18	3.0
19	6.5
20	8.5
21	6.0
22	4.5
23	5.0
24	7.5
25	10.0
26	9.5
27	12.5
28	14.5
29	18.0
30	24.0
31	23.5
32	22.0
33	25.5
34	32.5
35	42.5
36	60.5
37	72.5
38	96.5
39	135.0
40	164.5
41	208.5
42	269.5
43	324.0
44	396.5
45	510.0
46	681.0
47	880.0
48	1116.0
49	1442.5
50	1841.0
51	2414.5
52	3227.5
53	4362.0
54	5840.5
55	7702.0
56	10032.0
57	12924.0
58	16527.0
59	20725.0
60	25383.0
61	30516.0
62	35268.5
63	39392.0
64	42706.0
65	44369.5
66	44485.5
67	43561.0
68	41220.5
69	37659.5
70	33247.0
71	28240.0
72	23281.0
73	18504.0
74	14427.5
75	10992.5
76	8055.0
77	5899.5
78	4262.0
79	3068.0
80	2303.5
81	1679.0
82	1251.0
83	923.0
84	704.5
85	538.0
86	400.0
87	309.0
88	208.0
89	145.0
90	109.5
91	79.0
92	55.0
93	33.5
94	23.5
95	17.0
96	11.0
97	14.5
98	12.5
99	6.0
100	10.5
>>END_MODULE
>>Per base N content	pass
#Base	N-Count
1	0.16252795464696124
2	0.16252795464696124
3	0.16252795464696124
4	0.16252795464696124
5	0.16252795464696124
6	0.16252795464696124
7	0.16252795464696124
8	0.16252795464696124
9	0.16252795464696124
10-14	0.16252795464696124
15-19	0.16252795464696124
20-24	0.16252795464696124
25-29	0.16252795464696124
30-34	0.16252795464696124
35-39	0.03256209410445196
40-44	0.0
45-49	0.0
50-54	0.0
55-59	0.0
60-64	0.0
65-69	0.0
70-74	0.0
75-79	0.0
80-84	0.0
85-89	0.0
90-94	0.0
95-99	0.0
100-104	0.0
105-109	0.0
110-114	0.0
115-119	0.0
120-124	0.0
125-129	0.0
130-134	0.0
135-139	0.0
140-144	0.0
145-149	0.0
150-151	0.0
>>END_MODULE
>>Sequence Length Distribution	warn
#Length	Count
35-39	1746.0
40-44	1051.0
45-49	1322.0
50-54	1715.0
55-59	2118.0
60-64	2691.0
65-69	3273.0
70-74	3948.0
75-79	4642.0
80-84	5518.0
85-89	6175.0
90-94	7001.0
95-99	7906.0
100-104	8762.0
105-109	9312.0
110-114	10005.0
115-119	10291.0
120-124	11078.0
125-129	12061.0
130-134	11662.0
135-139	12341.0
140-144	11840.0
145-149	37547.0
150-152	436196.0
>>END_MODULE
>>Sequence Duplication Levels	pass
#Total Deduplicated Percentage	98.19543427125123
#Duplication Level	Percentage of deduplicated	Percentage of total
1	98.38154636510012	96.60618669598243
2	1.568340080538222	3.080076705869197
3	0.04749823339628446	0.13992328966396203
4	0.0022684746218616172	0.008910154025080556
5	0.0	0.0
6	0.0	0.0
7	0.0	0.0
8	0.0	0.0
9	0.0	0.0
>10	1.826004895725217E-4	0.00233096946832319
>50	0.0	0.0
>100	0.0	0.0
>500	0.0	0.0
>1k	1.642458539457517E-4	0.16257218499099232
>5k	0.0	0.0
>10k+	0.0	0.0
>>END_MODULE
>>Overrepresented sequences	warn
#Sequence	Count	Percentage	Possible Source
NNNNNNNNNNNNNNNNNNNNNNNNNNNNNNNNNNN	1008	0.16252795464696124	No Hit
>>END_MODULE
>>Adapter Content	pass
#Position	Illumina Universal Adapter	Illumina Small RNA 3' Adapter	Illumina Small RNA 5' Adapter	Nextera Transposase Sequence	SOLID Small RNA Adapter
1	0.0	0.0	1.612380502450012E-4	0.0	0.0
2	0.0	0.0	1.612380502450012E-4	0.0	0.0
3	0.0	0.0	3.224761004900024E-4	0.0	0.0
4	0.0	0.0	3.224761004900024E-4	0.0	3.224761004900024E-4
5	0.0	0.0	3.224761004900024E-4	0.0	3.224761004900024E-4
6	1.612380502450012E-4	0.0	4.8371415073500363E-4	0.0	4.8371415073500363E-4
7	1.612380502450012E-4	0.0	4.8371415073500363E-4	0.0	6.449522009800048E-4
8	1.612380502450012E-4	0.0	4.8371415073500363E-4	0.0	6.449522009800048E-4
9	1.612380502450012E-4	0.0	4.8371415073500363E-4	0.0	6.449522009800048E-4
10-14	3.224761004900024E-4	9.674283014700073E-5	4.837141507350037E-4	0.0	9.029330813720068E-4
15-19	6.449522009800048E-4	1.612380502450012E-4	4.837141507350037E-4	0.0	9.674283014700074E-4
20-24	9.996759115190074E-4	1.612380502450012E-4	4.837141507350037E-4	0.0	0.0010964187416660082
25-29	0.0016446281124990127	2.902284904410022E-4	5.482093708330041E-4	0.0	0.0011286663517150084
30-34	0.0027410468541650204	3.224761004900024E-4	6.449522009800048E-4	0.0	0.0012576567919110094
35-39	0.005385350878183041	5.804569808820044E-4	6.449522009800048E-4	0.0	0.0013866472321070107
40-44	0.009545292574504073	6.449522009800048E-4	6.771998110290051E-4	0.0	0.001451142452205011
45-49	0.016994490495823127	6.449522009800048E-4	8.061902512250061E-4	0.0	0.001451142452205011
50-54	0.024830659737730187	6.449522009800048E-4	9.351806914210069E-4	0.0	0.0016446281124990127
55-59	0.03585934237448827	6.449522009800048E-4	0.0011286663517150084	0.0	0.0018381137727930138
60-64	0.050370766896538376	7.739426411760059E-4	0.0015478852823520117	0.0	0.0019348566029400147
65-69	0.0669460384617245	8.061902512250061E-4	0.0019026089928910143	0.0	0.002128342263234016
70-74	0.08603662361073265	8.061902512250061E-4	0.0019348566029400147	0.0	0.0023540755335770174
75-79	0.11073829290826684	8.061902512250061E-4	0.0019348566029400147	0.0	0.0024185707536750183
80-84	0.13872921843079905	8.061902512250061E-4	0.0020638470431360158	0.0	0.0025798088039200194
85-89	0.17529800822636532	9.351806914210069E-4	0.002096094653185016	0.0	0.0030957705647040234
90-94	0.2151560542469296	9.674283014700074E-4	0.002128342263234016	0.0	0.0032570086149490245
95-99	0.25646524271969895	9.674283014700074E-4	0.0024185707536750183	0.0	0.003514989495341026
100-104	0.31318878879589035	9.674283014700074E-4	0.0024185707536750183	0.0	0.0038374655958310286
105-109	0.3788771704657038	9.674283014700074E-4	0.0024185707536750183	0.0	0.004353427356615033
110-114	0.4507570932649254	0.0011286663517150086	0.0024185707536750183	0.0	0.0046436558470560356
115-119	0.5307956614065439	0.0012899044019600097	0.0025475611938710193	0.0	0.004675903457105036
120-124	0.6181544370292856	0.0012899044019600097	0.002741046854165021	0.0	0.004675903457105036
125-129	0.6792959056821901	0.0013543996220580102	0.002741046854165021	0.0	0.004740398677203036
130-134	0.7176383140304514	0.001451142452205011	0.002741046854165021	0.0	0.004998379557595038
135-139	0.7581413122519958	0.001451142452205011	0.0027732944642140213	0.0	0.004998379557595038
140	0.7621722635081207	0.001451142452205011	0.002902284904410022	0.0	0.004998379557595038
>>END_MODULE
