##FastQC	0.11.9
>>Basic Statistics	pass
#Measure	Value
Filename	ERR3077931_2.fastq
File type	Conventional base calls
Encoding	Sanger / Illumina 1.9
Total Sequences	306436
Sequences flagged as poor quality	0
Sequence length	35-151
%GC	64
>>END_MODULE
>>Per base sequence quality	pass
#Base	Mean	Median	Lower Quartile	Upper Quartile	10th Percentile	90th Percentile
1	31.903415395058023	33.0	32.0	34.0	31.0	34.0
2	31.599433486927122	33.0	32.0	34.0	30.0	34.0
3	31.899721312117375	33.0	32.0	34.0	31.0	34.0
4	31.895364774373768	33.0	32.0	34.0	31.0	34.0
5	32.064900990745215	33.0	32.0	34.0	32.0	34.0
6	33.69124711195813	34.0	33.0	37.0	32.0	37.0
7	33.64433030061742	34.0	33.0	37.0	32.0	37.0
8	33.57432220757352	34.0	33.0	37.0	32.0	37.0
9	33.60127726507329	34.0	33.0	37.0	32.0	37.0
10-14	34.61386194833505	35.6	35.0	37.4	32.8	37.4
15-19	36.06622067903249	38.0	38.0	38.0	34.0	38.0
20-24	36.12034029944262	38.0	38.0	38.4	33.8	38.4
25-29	36.188506572334845	38.0	38.0	39.0	33.8	39.0
30-34	36.16352190995836	38.0	38.0	39.0	33.2	39.0
35-39	36.50309658621377	38.0	38.0	39.0	33.8	39.0
40-44	36.516597816789826	38.0	38.0	39.0	34.0	39.0
45-49	36.395390036726084	38.0	38.0	39.0	33.6	39.0
50-54	36.33359314892651	38.0	38.0	39.0	33.0	39.0
55-59	36.23363944918112	38.0	38.0	39.0	32.4	39.0
60-64	36.10601660724428	38.0	38.0	39.0	31.4	39.0
65-69	36.011383583838985	38.0	38.0	39.0	31.0	39.0
70-74	35.87093878515724	38.0	37.0	39.0	30.0	39.0
75-79	35.85424921465384	38.0	37.0	39.0	30.0	39.0
80-84	35.710728555057756	38.0	37.0	39.0	29.6	39.0
85-89	35.448360616649666	38.0	37.0	39.0	27.0	39.0
90-94	35.24204483079781	38.0	37.0	39.0	26.0	39.0
95-99	35.0487697361372	38.0	37.0	39.0	25.0	39.0
100-104	34.819194485212606	38.0	36.2	38.8	24.0	39.0
105-109	34.533865618545015	38.0	35.4	38.0	19.2	39.0
110-114	34.279436319863706	38.0	35.0	38.0	15.4	39.0
115-119	33.965878923556886	38.0	34.0	38.0	14.8	39.0
120-124	33.66077591385183	37.8	33.8	38.0	14.0	39.0
125-129	33.28224655587485	37.0	33.0	38.0	14.0	39.0
130-134	32.93244894664062	37.0	32.4	38.0	14.0	38.0
135-139	32.49235280935245	37.0	32.0	38.0	14.0	38.0
140-144	32.09740040151932	37.0	31.0	37.6	13.4	38.0
145-149	31.64625106086829	37.0	29.2	37.0	13.0	38.0
150-151	29.653992328188725	35.0	21.0	37.0	12.5	37.5
>>END_MODULE
>>Per tile sequence quality	pass
#Tile	Base	Mean
1101	1	0.3768603882520374
1101	2	0.31376596547014657
1101	3	0.3523675626329421
1101	4	0.19726807460502016
1101	5	0.24982449049736744
1101	6	0.09773086527519581
1101	7	0.2167292806426957
1101	8	0.3027947514390732
1101	9	0.3377940149507026
1101	10-14	0.17261078741526603
1101	15-19	0.31103605497988696
1101	20-24	0.4270142099075187
1101	25-29	0.3052647439158278
1101	30-34	0.28927128445675265
1101	35-39	0.2888308356023259
1101	40-44	0.2971178450352596
1101	45-49	0.1649431613166854
1101	50-54	0.1987481260508943
1101	55-59	0.22494584033008636
1101	60-64	0.2582085141727788
1101	65-69	0.17323359507307856
1101	70-74	0.26226766175656735
1101	75-79	0.29039186568715536
1101	80-84	0.18255019306668885
1101	85-89	0.050140695477495
1101	90-94	0.1777197794097205
1101	95-99	0.18229079281029215
1101	100-104	0.3252640226259942
1101	105-109	0.21149142458256165
1101	110-114	0.23540220023507175
1101	115-119	0.19948404590013524
1101	120-124	0.10841726201184088
1101	125-129	0.3617782864729193
1101	130-134	0.3823100812105338
1101	135-139	0.21472368050491752
1101	140-144	0.2575143383353016
1101	145-149	0.1629278396721432
1101	150-151	0.23879619122383744
1102	1	-0.11567600757719987
1102	2	-0.13198785445247196
1102	3	0.08897570087151507
1102	4	0.08226791065984429
1102	5	0.08885000036686819
1102	6	-0.021143323196177732
1102	7	0.04082430326712938
1102	8	-0.02706376387340015
1102	9	-0.23114985022078116
1102	10-14	-0.03468444505899271
1102	15-19	0.0011883600490776303
1102	20-24	0.10245358298115548
1102	25-29	-0.01190834940177865
1102	30-34	-0.02323756858280035
1102	35-39	0.05581192643027322
1102	40-44	0.13580911448254795
1102	45-49	0.2264117661986873
1102	50-54	0.16575932687594275
1102	55-59	0.16520514246425222
1102	60-64	0.14386699526773583
1102	65-69	0.16600006307000115
1102	70-74	0.08537348572734516
1102	75-79	0.14436527636608076
1102	80-84	0.16437169817911723
1102	85-89	0.2158565830196224
1102	90-94	0.17963400565426468
1102	95-99	0.21350987876823524
1102	100-104	0.05778887000050048
1102	105-109	0.013945453301467126
1102	110-114	0.2406119097117667
1102	115-119	-0.006609271277959294
1102	120-124	-0.11026723788749848
1102	125-129	0.32927864808170426
1102	130-134	0.21143291007290088
1102	135-139	0.024284079495927813
1102	140-144	0.2061334508720769
1102	145-149	0.2506909187497257
1102	150-151	0.1642553923163632
1103	1	0.08812834024888616
1103	2	0.08359185569245753
1103	3	0.2647003385526787
1103	4	0.1166882005149148
1103	5	0.058052898917594575
1103	6	0.08121174926758812
1103	7	0.029048940948285917
1103	8	0.08344348250340516
1103	9	-0.01919332848165567
1103	10-14	0.05444598972361092
1103	15-19	0.09539125859979691
1103	20-24	0.28071445254637695
1103	25-29	0.09479454914895769
1103	30-34	0.11643634446068063
1103	35-39	0.12806826495183543
1103	40-44	0.042446593408492106
1103	45-49	0.09959247361753398
1103	50-54	0.08596067487254544
1103	55-59	0.15288935134768167
1103	60-64	0.2075192900270153
1103	65-69	0.09516500761893809
1103	70-74	0.15179944562660808
1103	75-79	0.1445366798009715
1103	80-84	0.08740430328750648
1103	85-89	0.08905666257845013
1103	90-94	0.08061234406570605
1103	95-99	0.05016057221299519
1103	100-104	0.06262087583948528
1103	105-109	0.08958191235623758
1103	110-114	0.11998540704625782
1103	115-119	0.19443667338829584
1103	120-124	0.12344521363954186
1103	125-129	0.29436083930938395
1103	130-134	0.1855293519014367
1103	135-139	0.27180304032192737
1103	140-144	0.12885773259191424
1103	145-149	0.02465101195614139
1103	150-151	-0.011388900054054574
1104	1	0.009187502448607887
1104	2	-0.19136843813323523
1104	3	0.0018231298967279486
1104	4	-0.09460572444041304
1104	5	-0.11013749218822255
1104	6	-0.15009656917592906
1104	7	-0.1723035506141457
1104	8	-0.21376964038719848
1104	9	-0.06781353892437636
1104	10-14	-0.05856671625215881
1104	15-19	-0.10806764550979864
1104	20-24	0.0034988480198663297
1104	25-29	-0.05125667181590643
1104	30-34	-0.018032585457923744
1104	35-39	0.20677856154057395
1104	40-44	0.2476274069460871
1104	45-49	0.254976168496583
1104	50-54	0.2718127956139682
1104	55-59	0.3078121772811926
1104	60-64	0.19167393648513809
1104	65-69	0.23305368311171293
1104	70-74	0.20135971838814726
1104	75-79	0.40622332688432294
1104	80-84	0.4029715937774867
1104	85-89	0.45833447873845756
1104	90-94	0.3853522847437034
1104	95-99	0.5435348054366713
1104	100-104	0.4778671466608415
1104	105-109	0.5667670963156866
1104	110-114	0.6818572251236219
1104	115-119	0.4395390378063837
1104	120-124	0.5792387513230608
1104	125-129	0.9044269308232344
1104	130-134	0.6769045712681887
1104	135-139	0.6699455870349311
1104	140-144	0.6525543352886807
1104	145-149	0.47285445106149027
1104	150-151	0.9907030638430534
1105	1	0.1755718496769667
1105	2	0.10877885896501382
1105	3	0.19164244545621045
1105	4	0.16461752886149839
1105	5	0.3446938526342862
1105	6	-0.11050556411873202
1105	7	0.17836910613451096
1105	8	0.3223304234415423
1105	9	0.25648066247985213
1105	10-14	0.2941101630133218
1105	15-19	0.20367978906575246
1105	20-24	0.2948137201168919
1105	25-29	0.3200945335653529
1105	30-34	0.36607012971858666
1105	35-39	0.34977689516528443
1105	40-44	0.38265317992440373
1105	45-49	0.5218698018619179
1105	50-54	0.40517578977966195
1105	55-59	0.3352076815584155
1105	60-64	0.38431093248586734
1105	65-69	0.402268006057227
1105	70-74	0.40721457697693353
1105	75-79	0.24291531153722445
1105	80-84	0.35176336896153515
1105	85-89	0.37406067445466107
1105	90-94	0.326991574133217
1105	95-99	0.484039517247453
1105	100-104	0.4773575512630188
1105	105-109	0.4607240159105359
1105	110-114	0.45239325094726723
1105	115-119	0.46436318002057675
1105	120-124	0.4079103832887654
1105	125-129	0.5625699091212866
1105	130-134	0.4755838946964701
1105	135-139	0.5044450835938648
1105	140-144	0.4096910706532917
1105	145-149	0.4987498176420111
1105	150-151	0.12938050118843236
1106	1	0.0964770098294423
1106	2	-0.19747363008317365
1106	3	-0.09493945134073911
1106	4	0.04104695367801625
1106	5	0.21345700903184905
1106	6	0.04735698352876483
1106	7	-0.04272948861999737
1106	8	0.1597173495381483
1106	9	0.0012038803213485494
1106	10-14	0.12548923794077638
1106	15-19	0.24126868364388798
1106	20-24	0.10385109850910368
1106	25-29	0.2752945108083438
1106	30-34	0.24983869090650046
1106	35-39	0.2097663315467173
1106	40-44	0.22093587885637334
1106	45-49	0.2801933586404175
1106	50-54	0.2890847707154762
1106	55-59	0.21923984683754583
1106	60-64	0.1644386141710683
1106	65-69	0.15571587765874284
1106	70-74	0.21923662494896945
1106	75-79	0.23248747908288436
1106	80-84	0.11805695988633147
1106	85-89	0.06314848698276165
1106	90-94	-0.03809620634120847
1106	95-99	0.041256528409455484
1106	100-104	-0.02596528953081645
1106	105-109	0.027607821720096126
1106	110-114	-0.13262052221821108
1106	115-119	0.04608967500630001
1106	120-124	0.042900333053296436
1106	125-129	-0.15227479413545097
1106	130-134	-0.002907765746257951
1106	135-139	0.07184038781541346
1106	140-144	0.03058329087301459
1106	145-149	0.2299637459347217
1106	150-151	0.058205932908954594
1107	1	0.3167359030443073
1107	2	0.31726797585340094
1107	3	0.4954735132860648
1107	4	0.4072244519309862
1107	5	0.3502078659084873
1107	6	0.22432280829332996
1107	7	0.33046940659147594
1107	8	0.4099918828315481
1107	9	0.4949478489080903
1107	10-14	0.4455950580465924
1107	15-19	0.5273656521308041
1107	20-24	0.4454503797310352
1107	25-29	0.5182681223354066
1107	30-34	0.5161160194479777
1107	35-39	0.4956150686807632
1107	40-44	0.36191108773394376
1107	45-49	0.4046624517323565
1107	50-54	0.3451181892542863
1107	55-59	0.4645118269243298
1107	60-64	0.4536389164850192
1107	65-69	0.43674125653384976
1107	70-74	0.34769393100749824
1107	75-79	0.4404608033706978
1107	80-84	0.561386610923698
1107	85-89	0.5096360361786125
1107	90-94	0.5864567573988921
1107	95-99	0.5429354260059327
1107	100-104	0.661714465396301
1107	105-109	0.5824445953307986
1107	110-114	0.4854724841500513
1107	115-119	0.6920789247355472
1107	120-124	0.8485177841292568
1107	125-129	0.8415504991601281
1107	130-134	0.8987700022571445
1107	135-139	0.772986124680898
1107	140-144	0.8473695163737069
1107	145-149	0.9180966064947107
1107	150-151	0.37588202744151644
1108	1	0.06378454348001483
1108	2	0.06852508413560443
1108	3	-0.0015872204480551488
1108	4	-0.13646090344149187
1108	5	-0.012273092102780936
1108	6	0.049751089482739985
1108	7	0.03012262630331719
1108	8	0.025289389867467094
1108	9	-0.16865544649590447
1108	10-14	-0.008933584831559926
1108	15-19	0.007427887019922252
1108	20-24	-0.06405542862071911
1108	25-29	-0.22884411695488893
1108	30-34	-0.10324975247320367
1108	35-39	-0.20206814032543718
1108	40-44	-0.2381291479903993
1108	45-49	-0.1821024726191922
1108	50-54	-0.25945480680298516
1108	55-59	-0.09296967102070397
1108	60-64	-0.13222774350107613
1108	65-69	-0.13563636924508415
1108	70-74	-0.30319230722466983
1108	75-79	-0.2216396287160478
1108	80-84	-0.1450561062320972
1108	85-89	-0.0966037732870646
1108	90-94	-0.17573013142693839
1108	95-99	-0.22139643223972172
1108	100-104	-0.15801710335689734
1108	105-109	-0.14767777066199272
1108	110-114	-0.01908766858975497
1108	115-119	-0.13474203528465267
1108	120-124	-0.09646251627214752
1108	125-129	-0.19173856805516465
1108	130-134	-0.3636815215003395
1108	135-139	-0.3414601453690054
1108	140-144	-0.37332300224159454
1108	145-149	-0.2978258951115649
1108	150-151	-0.4176464488362761
1109	1	0.4236214703072356
1109	2	0.4337753678324887
1109	3	0.343909354174734
1109	4	0.24662655925762067
1109	5	0.3015923305005046
1109	6	0.4768262796647278
1109	7	0.5240494114922356
1109	8	0.3098856997064985
1109	9	0.3695700820208856
1109	10-14	0.373733586185125
1109	15-19	0.47968779539633744
1109	20-24	0.520128154786164
1109	25-29	0.442368424548917
1109	30-34	0.4162744773422844
1109	35-39	0.21430488256807223
1109	40-44	0.20820071865936285
1109	45-49	0.30303656134888257
1109	50-54	0.2979462759431115
1109	55-59	0.35644241620892814
1109	60-64	0.2898667835960538
1109	65-69	0.40335694499607655
1109	70-74	0.46382665116780686
1109	75-79	0.39358336790805737
1109	80-84	0.33817858192803385
1109	85-89	0.4955067060789844
1109	90-94	0.48461406985995836
1109	95-99	0.34305094293065963
1109	100-104	0.5727217534943136
1109	105-109	0.5516110404640386
1109	110-114	0.4855767000682434
1109	115-119	0.7144252471803654
1109	120-124	0.721423466741534
1109	125-129	0.5977318251100101
1109	130-134	0.6231536446409649
1109	135-139	0.6404382779032005
1109	140-144	0.725515058090064
1109	145-149	0.5699466367892079
1109	150-151	0.468334784429441
1110	1	0.5372142445741694
1110	2	0.4389477235666419
1110	3	0.4187461278879141
1110	4	0.4841560709444366
1110	5	0.48683704832949104
1110	6	0.42731549082809295
1110	7	0.4910187717200216
1110	8	0.4415308335988186
1110	9	0.5598591936583119
1110	10-14	0.45506947875697534
1110	15-19	0.5134011980984994
1110	20-24	0.45188583530789117
1110	25-29	0.6190702246215096
1110	30-34	0.552631902688475
1110	35-39	0.320031981475573
1110	40-44	0.3655612467682161
1110	45-49	0.3983225041860834
1110	50-54	0.3614525916604592
1110	55-59	0.41200167974776747
1110	60-64	0.5671650582751013
1110	65-69	0.5194954763501087
1110	70-74	0.5078276847149539
1110	75-79	0.5126134639820137
1110	80-84	0.5038097148493321
1110	85-89	0.5347471087768056
1110	90-94	0.6468718042619699
1110	95-99	0.6352947877014401
1110	100-104	0.7296549746904617
1110	105-109	0.7082677947536808
1110	110-114	0.8356088817598106
1110	115-119	0.5683400623851753
1110	120-124	0.6402444229655586
1110	125-129	0.8454005828191455
1110	130-134	0.8177704959878582
1110	135-139	0.7973038752666355
1110	140-144	0.738623336012207
1110	145-149	0.1825162256455215
1110	150-151	0.5285770314064244
1111	1	0.20242277517727203
1111	2	0.1854131684225102
1111	3	0.127762494607925
1111	4	0.1951691036090537
1111	5	0.07798347218921009
1111	6	0.12947031068260628
1111	7	0.08472623117995681
1111	8	0.10196866563690321
1111	9	0.03438612655193651
1111	10-14	-0.0532513874888636
1111	15-19	0.13813015214548585
1111	20-24	0.0661709803595798
1111	25-29	-0.02717418148991868
1111	30-34	0.17297630582953616
1111	35-39	0.044733899846598035
1111	40-44	0.031620240998400106
1111	45-49	-0.051956414105532644
1111	50-54	0.0604485216182411
1111	55-59	-0.014485654689558203
1111	60-64	-0.07655901937778253
1111	65-69	-0.044469123595469284
1111	70-74	-0.18388515368759784
1111	75-79	-0.02489376925832687
1111	80-84	-0.10527172436966481
1111	85-89	-0.1670500816616638
1111	90-94	-0.0751086398434282
1111	95-99	-0.22235497074362343
1111	100-104	-0.44079226148581085
1111	105-109	-0.4766944728886102
1111	110-114	-0.4037087900324039
1111	115-119	-0.5446615467939893
1111	120-124	-0.39860534489324095
1111	125-129	-0.37022439229826176
1111	130-134	-0.2278159961241073
1111	135-139	-0.4478336912460712
1111	140-144	-0.2701285749150024
1111	145-149	-0.6554668864748656
1111	150-151	0.07378341957565127
1112	1	0.27461662018458455
1112	2	0.2849685426714075
1112	3	-0.008330896259842291
1112	4	0.07146454729423368
1112	5	0.08260054555859142
1112	6	-0.15613668743409903
1112	7	-0.03817397704241188
1112	8	-0.017497206868156923
1112	9	0.1130421444955303
1112	10-14	0.06524047425263291
1112	15-19	0.021240355762309093
1112	20-24	0.1376471104650534
1112	25-29	0.11543457307507765
1112	30-34	0.08339585696582219
1112	35-39	0.11204174437416015
1112	40-44	0.049719842213796994
1112	45-49	0.08533359160039566
1112	50-54	0.041199892386117654
1112	55-59	0.15137243955972224
1112	60-64	0.05599356761656793
1112	65-69	-0.018076817575177984
1112	70-74	0.20850647135070943
1112	75-79	0.282179736285336
1112	80-84	0.2261286812917973
1112	85-89	0.3108641286128133
1112	90-94	0.43007147592850004
1112	95-99	0.30570285383199547
1112	100-104	0.2525016897243617
1112	105-109	0.3784688298541994
1112	110-114	0.45398534775598876
1112	115-119	0.48775869226557944
1112	120-124	0.5169925979185095
1112	125-129	0.5438103575082707
1112	130-134	0.43719827990968696
1112	135-139	0.5792336816411492
1112	140-144	0.44547059590921734
1112	145-149	0.363178608460192
1112	150-151	0.5423484384176867
1113	1	0.26934378922542734
1113	2	0.12443676828770478
1113	3	0.1498695451864691
1113	4	0.1514353243756652
1113	5	-0.006846996495525559
1113	6	-0.11447777710324658
1113	7	0.04039475000252679
1113	8	-0.05230468722616166
1113	9	-0.08855684260088026
1113	10-14	-0.12018795619002276
1113	15-19	-0.03119808847923622
1113	20-24	0.061018501552794646
1113	25-29	-0.13220380734290416
1113	30-34	-0.04287935851257885
1113	35-39	-0.07322406588403396
1113	40-44	0.04602021580939919
1113	45-49	-0.0352642242525576
1113	50-54	-0.08017522904850694
1113	55-59	0.00993910935484621
1113	60-64	-0.13848758888455848
1113	65-69	-0.054390917088682045
1113	70-74	-0.13036745227746138
1113	75-79	-0.020079753639315356
1113	80-84	-0.10472954762392561
1113	85-89	-0.1055258896387059
1113	90-94	-0.09551328264253556
1113	95-99	-0.17246006658739788
1113	100-104	-0.05387386194595223
1113	105-109	-0.29712969853928684
1113	110-114	-0.03206701071939477
1113	115-119	0.20158001082128862
1113	120-124	0.21552009064081545
1113	125-129	0.19294890880708238
1113	130-134	-0.05189055040962387
1113	135-139	-0.05235277072627298
1113	140-144	-0.06046329714629195
1113	145-149	0.00884254507241522
1113	150-151	-0.19258282648130987
1114	1	0.004602154892278776
1114	2	0.3354550795708775
1114	3	0.059866434255869905
1114	4	0.05350942213377863
1114	5	0.010925634804472395
1114	6	0.1344996484864609
1114	7	0.017668393795212012
1114	8	0.09190999002919398
1114	9	0.1760458080272116
1114	10-14	0.1096991573560615
1114	15-19	0.03921984200298567
1114	20-24	0.047227141298392894
1114	25-29	0.07156848405912797
1114	30-34	0.10759491437940483
1114	35-39	0.008829967397367966
1114	40-44	0.15552635975773654
1114	45-49	0.003396302033920051
1114	50-54	0.11703180177836003
1114	55-59	0.11432447319671724
1114	60-64	0.03789957938691657
1114	65-69	0.006213623210868491
1114	70-74	0.020933861610529902
1114	75-79	-0.05982882219434771
1114	80-84	-0.05233076146932092
1114	85-89	-0.10406025788996942
1114	90-94	-0.004613738958262559
1114	95-99	0.024586211846020944
1114	100-104	-0.073278835325155
1114	105-109	-0.15242742018296696
1114	110-114	0.08045797771754337
1114	115-119	0.15857889687896431
1114	120-124	0.23141829308350736
1114	125-129	0.26344423427467234
1114	130-134	0.23470081638795648
1114	135-139	0.01783657552933704
1114	140-144	-0.07158849091542763
1114	145-149	-0.04664980591578427
1114	150-151	-0.09930750893615325
2101	1	0.12351481367883821
2101	2	0.051103932987143
2101	3	0.024905652562338787
2101	4	0.047304142543900696
2101	5	-0.1010050720968998
2101	6	0.08169484105502534
2101	7	-0.046977629100020124
2101	8	-0.23002270107146927
2101	9	-0.14141555070387568
2101	10-14	-0.08185835810246544
2101	15-19	-2.971471973012285E-4
2101	20-24	0.055376288295171605
2101	25-29	-0.08056776969162627
2101	30-34	-0.1336119647180638
2101	35-39	-0.21007785420930247
2101	40-44	-0.13461459066132164
2101	45-49	-0.1556453732033205
2101	50-54	-0.06314142527283195
2101	55-59	-0.1341811368422512
2101	60-64	-0.12315800829030366
2101	65-69	-0.10992050060229275
2101	70-74	-0.26977703723304813
2101	75-79	-0.1678704097616759
2101	80-84	-0.1589632414178226
2101	85-89	-0.2983629433543058
2101	90-94	-0.37081296006203246
2101	95-99	-0.34778166745161343
2101	100-104	-0.36521958971129465
2101	105-109	-0.49008242528625345
2101	110-114	-0.3991641471084364
2101	115-119	-0.522207844583015
2101	120-124	-0.6383557824812982
2101	125-129	-0.7242749344037378
2101	130-134	-0.733185778426261
2101	135-139	-0.5344033077942569
2101	140-144	-0.8844643881308443
2101	145-149	-0.6504191071060106
2101	150-151	-0.8329848407237215
2102	1	0.21061350376586674
2102	2	0.09200445723292461
2102	3	0.16892873621250715
2102	4	0.21262816010917618
2102	5	0.3722443632048069
2102	6	0.39872651560175143
2102	7	0.40130349010158994
2102	8	0.0483962372489799
2102	9	0.2533700510096253
2102	10-14	0.29431123377148793
2102	15-19	0.3069958084545945
2102	20-24	0.32510219333232726
2102	25-29	0.2833336290765658
2102	30-34	0.23631512723773085
2102	35-39	0.187199409222643
2102	40-44	0.028207468497605248
2102	45-49	0.12590940990728683
2102	50-54	0.2353755335222658
2102	55-59	0.10888654021790245
2102	60-64	0.18194436419708637
2102	65-69	-0.0398748899649064
2102	70-74	-0.003106364395755179
2102	75-79	0.11416004745125719
2102	80-84	-0.013226547080797957
2102	85-89	-0.07312261457814628
2102	90-94	0.15657785518599354
2102	95-99	-0.04850277854916385
2102	100-104	-0.1897817113638638
2102	105-109	-0.2157508448713088
2102	110-114	-0.13558726059849846
2102	115-119	0.08695576824038653
2102	120-124	-0.08305825163591152
2102	125-129	-0.22765271549274502
2102	130-134	-0.20450200300826538
2102	135-139	-0.14583354388670955
2102	140-144	-0.12130495354162818
2102	145-149	0.15170255991377601
2102	150-151	0.15480413778057667
2103	1	-0.05412096017294843
2103	2	0.028288635544605256
2103	3	-0.21268083757395928
2103	4	-0.08078339869988582
2103	5	-0.04490516815837964
2103	6	-0.24057332361383743
2103	7	-0.2191420752150961
2103	8	-0.11937936759891699
2103	9	0.031071884733066213
2103	10-14	-0.07758320461292811
2103	15-19	-0.11662843400346645
2103	20-24	-0.20560409567231375
2103	25-29	-0.16292169359422815
2103	30-34	-0.21699722693805512
2103	35-39	-0.11608875988741119
2103	40-44	-0.30441246679700384
2103	45-49	-0.2889780316425288
2103	50-54	-0.18260206436005433
2103	55-59	-0.20404105905461023
2103	60-64	-0.18607144893816496
2103	65-69	-0.31281847742197755
2103	70-74	-0.3083251552888626
2103	75-79	-0.22047142215333793
2103	80-84	-0.2697928813407131
2103	85-89	-0.16861784038712813
2103	90-94	-0.07089530317905002
2103	95-99	-0.2181012967474416
2103	100-104	-0.2736337559277757
2103	105-109	-0.13915842885563023
2103	110-114	-0.3516799658484331
2103	115-119	-0.4886260181691
2103	120-124	-0.6515784230669439
2103	125-129	-0.5720656525731016
2103	130-134	-0.5318355808459856
2103	135-139	-0.5610635714240431
2103	140-144	-0.326370824737257
2103	145-149	-0.26355417706661655
2103	150-151	-0.20524529669614466
2104	1	-0.3186426239799829
2104	2	-0.3794118303258074
2104	3	-0.36783400843567904
2104	4	-0.25006538078691776
2104	5	-0.2327969796113507
2104	6	-0.17287219142102828
2104	7	-0.35392521503730023
2104	8	-0.3860054996529101
2104	9	-0.3275622654004806
2104	10-14	-0.26574543190660904
2104	15-19	-0.32558658340405344
2104	20-24	-0.3464929697540313
2104	25-29	-0.28978281534798356
2104	30-34	-0.25895110632259843
2104	35-39	-0.05415701923177352
2104	40-44	-0.09036387598072793
2104	45-49	-0.1548323435930925
2104	50-54	-0.04023841777388526
2104	55-59	-0.1729251911698455
2104	60-64	-0.10133346477105931
2104	65-69	-0.3057244247011752
2104	70-74	-0.17266016767568004
2104	75-79	-0.05022746261188615
2104	80-84	-0.19275896936567705
2104	85-89	-0.2114890818279136
2104	90-94	-0.3179517212318217
2104	95-99	-0.047290512618836544
2104	100-104	-0.22512779571998465
2104	105-109	-0.2608085486035421
2104	110-114	-0.2000737477580472
2104	115-119	-0.36480339527238215
2104	120-124	-0.2502035953952628
2104	125-129	-0.19769280930995592
2104	130-134	-0.20285574541923523
2104	135-139	-0.36937109782974886
2104	140-144	-0.30668020271354024
2104	145-149	0.200100739153104
2104	150-151	0.044424469023820023
2105	1	-0.4254586162728522
2105	2	-0.42113222457510346
2105	3	-0.26590166813628713
2105	4	-0.24062785299679135
2105	5	-0.35164609773792677
2105	6	-0.11131890848046311
2105	7	-0.23802185057902392
2105	8	-0.29494280512201243
2105	9	-0.43664037418957236
2105	10-14	-0.17691409946255732
2105	15-19	-0.14595489524635497
2105	20-24	-0.4124767403187377
2105	25-29	-0.3164094642289683
2105	30-34	-0.3563395752717611
2105	35-39	-0.3327062333405024
2105	40-44	-0.42040408431057585
2105	45-49	-0.32649027470678504
2105	50-54	-0.24844982647660885
2105	55-59	-0.5212904418534734
2105	60-64	-0.48342765275739197
2105	65-69	-0.3562998602924239
2105	70-74	-0.19265700832913524
2105	75-79	-0.24155013858292307
2105	80-84	-0.32017098983829584
2105	85-89	-0.41876215393945415
2105	90-94	-0.38176478574339257
2105	95-99	-0.4686596693784679
2105	100-104	-0.10028380998512176
2105	105-109	-0.16862505528289518
2105	110-114	-0.5528014883809576
2105	115-119	-0.16554253197811164
2105	120-124	0.044329996704902896
2105	125-129	-0.22160855697837434
2105	130-134	-0.18789833446049897
2105	135-139	0.0589617966942555
2105	140-144	0.09762554634350451
2105	145-149	0.2148301366372678
2105	150-151	0.3340804675348785
2106	1	-0.2815192223334577
2106	2	-0.22553199147487035
2106	3	-0.26642614366076245
2106	4	-0.23649032385926105
2106	5	-0.21142173876356551
2106	6	-0.06573324414479487
2106	7	-0.07565296946014399
2106	8	-0.06181343449264176
2106	9	-0.09079247209166397
2106	10-14	-0.03936165191011298
2106	15-19	-0.1510102565517215
2106	20-24	-0.20691729975929007
2106	25-29	-0.10230690012640054
2106	30-34	-0.0460307174629051
2106	35-39	-0.15342137115371912
2106	40-44	-0.06810227411614989
2106	45-49	-0.1226506643456915
2106	50-54	0.00652022921935469
2106	55-59	-0.072880037060294
2106	60-64	-0.07355093693801962
2106	65-69	-0.027564603259484954
2106	70-74	0.003688360949489322
2106	75-79	-0.07883969340438313
2106	80-84	-0.2463605143535048
2106	85-89	-0.18056524389308493
2106	90-94	-0.281163518177884
2106	95-99	0.016418291574836985
2106	100-104	-0.008409795565285094
2106	105-109	0.16857067843880458
2106	110-114	-0.22586490702959594
2106	115-119	-0.27467555801415955
2106	120-124	-0.23743160973712207
2106	125-129	-0.4510909830370622
2106	130-134	-0.4155165762287041
2106	135-139	-0.46472981491956133
2106	140-144	-0.34112380915276574
2106	145-149	-0.47669825120624054
2106	150-151	-0.22261614053387646
2107	1	-0.2429586162728512
2107	2	-0.29306445900733635
2107	3	-0.14777895751357661
2107	4	-0.17588426325319872
2107	5	-0.23052888162071028
2107	6	-0.11945077661233228
2107	7	-0.10227093482810545
2107	8	-0.02007101025021285
2107	9	-0.2815121690613651
2107	10-14	-0.2755477990962589
2107	15-19	-0.3188230271144832
2107	20-24	-0.05176794910994431
2107	25-29	-0.19125928107879275
2107	30-34	-0.33943115036333893
2107	35-39	-0.03540069941926305
2107	40-44	-0.04286517458938022
2107	45-49	-0.08009406631358473
2107	50-54	-0.06742634855732632
2107	55-59	-0.20326792273882432
2107	60-64	-0.00627295363672431
2107	65-69	0.07313983504440813
2107	70-74	0.015849070856262415
2107	75-79	0.045013678461216955
2107	80-84	-0.0850134632889592
2107	85-89	0.012810495922131793
2107	90-94	0.026246946663455617
2107	95-99	-0.055199897258631836
2107	100-104	0.02620060376374056
2107	105-109	0.2506991072207114
2107	110-114	0.09199797701428025
2107	115-119	0.08904438280612226
2107	120-124	0.05470074300585992
2107	125-129	-0.11588724952981266
2107	130-134	-0.054693360029752114
2107	135-139	0.07398158659434984
2107	140-144	-0.21180283723124305
2107	145-149	-0.29038510199679024
2107	150-151	0.18568776402604215
2108	1	-0.2131933580568912
2108	2	-0.29702153479539817
2108	3	-0.291186066836179
2108	4	-0.44630679846446597
2108	5	-0.4596905181062887
2108	6	-0.23887398251440572
2108	7	-0.19356536809437586
2108	8	-0.2742494140060856
2108	9	-0.3575685070895318
2108	10-14	-0.3755182887005475
2108	15-19	-0.56377540806686
2108	20-24	-0.6413400483721787
2108	25-29	-0.45244774519682807
2108	30-34	-0.5146638800749486
2108	35-39	-0.4314399214604805
2108	40-44	-0.2898118486486041
2108	45-49	-0.40194745523218955
2108	50-54	-0.4431742955497242
2108	55-59	-0.3861417669145695
2108	60-64	-0.35923103159365155
2108	65-69	-0.16990903214315267
2108	70-74	-0.4082595239010658
2108	75-79	-0.47199431569927697
2108	80-84	-0.36430506045181943
2108	85-89	-0.16714269355382072
2108	90-94	-0.4821147013718061
2108	95-99	-0.2807443284387787
2108	100-104	-0.44328786432013345
2108	105-109	-0.2154239989636011
2108	110-114	-0.5558861461260918
2108	115-119	-0.14020399687387197
2108	120-124	-0.45707286152461535
2108	125-129	-0.12255833944209371
2108	130-134	-0.21261750654882405
2108	135-139	-0.3539113728135419
2108	140-144	-0.09328116973228973
2108	145-149	-0.025718848691976604
2108	150-151	0.1214844265505981
2109	1	-0.5832250292129082
2109	2	-0.12016336707674924
2109	3	-0.11325492144815286
2109	4	-0.08422552554308282
2109	5	-0.12092261094878864
2109	6	-0.039094653192456974
2109	7	0.06853600640699398
2109	8	-0.08050234548650081
2109	9	0.185408224214882
2109	10-14	-0.05737263711900198
2109	15-19	-0.08694699068659162
2109	20-24	-0.08107935321487503
2109	25-29	-0.14382291661863178
2109	30-34	-0.13863336140951077
2109	35-39	-0.004395255626313599
2109	40-44	-0.1493733224102627
2109	45-49	-0.07358254977246759
2109	50-54	-0.2663947779537068
2109	55-59	-0.19036252446861113
2109	60-64	-0.2724109457757464
2109	65-69	-0.33594570634089393
2109	70-74	-0.23398301387558718
2109	75-79	-0.35614874706882205
2109	80-84	-0.2645405328972217
2109	85-89	-0.2433888667841373
2109	90-94	-0.38067002601236766
2109	95-99	-0.359713938266502
2109	100-104	-0.20455857138265543
2109	105-109	-0.2174437585686917
2109	110-114	-0.263158882846362
2109	115-119	-0.3587209531993807
2109	120-124	-0.5239718158729261
2109	125-129	-0.34708762017772443
2109	130-134	-0.25904765147366504
2109	135-139	-0.1345659249910227
2109	140-144	-0.16945198527057315
2109	145-149	-0.49123726238033427
2109	150-151	-0.6072662189950968
2110	1	-0.2629586162728508
2110	2	-0.12662347503080795
2110	3	-0.37865686317821456
2110	4	-0.4131670436639432
2110	5	-0.3025848509278646
2110	6	-0.3533167210943873
2110	7	-0.42872545976604925
2110	8	-0.3495180876593764
2110	9	-0.18798926226831725
2110	10-14	-0.3671966368303998
2110	15-19	-0.31075803049971995
2110	20-24	-0.2938830472819163
2110	25-29	-0.2654980533649507
2110	30-34	-0.2241777087023138
2110	35-39	-0.021118684589062298
2110	40-44	-0.13242825170657113
2110	45-49	-0.0261247719479627
2110	50-54	-0.20060919505529995
2110	55-59	-0.17142927339427416
2110	60-64	-0.06941367152494138
2110	65-69	-0.02029566321447618
2110	70-74	0.044503552434790095
2110	75-79	-0.15283973028088127
2110	80-84	-0.06893469924367679
2110	85-89	-0.07852453448157348
2110	90-94	-0.09814787859784246
2110	95-99	-0.006729031932522389
2110	100-104	-0.010837838496847496
2110	105-109	0.017296852371316618
2110	110-114	0.006292149545522818
2110	115-119	-0.25659430367642244
2110	120-124	-0.19170959009835542
2110	125-129	-0.030144199652113457
2110	130-134	-0.30118605690510947
2110	135-139	0.11073369710009473
2110	140-144	-0.08514035566162192
2110	145-149	-0.39604487332836413
2110	150-151	-0.16923366527670325
2111	1	-0.09510147341570985
2111	2	0.04252451342373931
2111	3	0.14732129311298792
2111	4	-0.03803965172437884
2111	5	-0.03151885655805131
2111	6	0.08483493767338501
2111	7	-0.19131855387572472
2111	8	0.007949039875100539
2111	9	0.044866277053927206
2111	10-14	0.06019405554033597
2111	15-19	-0.1090260346332883
2111	20-24	-0.13624915211745758
2111	25-29	-0.07924925601613353
2111	30-34	-0.19174443357135829
2111	35-39	-0.23568307207695938
2111	40-44	-0.25559965867747536
2111	45-49	-0.20087719170395957
2111	50-54	-0.42854574017000147
2111	55-59	-0.31073300634407275
2111	60-64	-0.25327426558587973
2111	65-69	-0.2766215812735169
2111	70-74	-0.5091662834260546
2111	75-79	-0.501113017475646
2111	80-84	-0.2670622656468993
2111	85-89	-0.10910024781133387
2111	90-94	-0.10051901300960253
2111	95-99	-0.07859011676534777
2111	100-104	-0.18633632565130398
2111	105-109	-0.5932036401128471
2111	110-114	-0.432507142847939
2111	115-119	-0.2120778292267005
2111	120-124	-0.28285388086454333
2111	125-129	-0.7326819164705043
2111	130-134	-0.24907307853709426
2111	135-139	-0.007171556412515656
2111	140-144	0.06585259216422301
2111	145-149	0.3825333951321994
2111	150-151	0.5547803273334004
2112	1	-0.2809835443648936
2112	2	2.88049781413946E-4
2112	3	-0.3030937545733394
2112	4	-0.17140999032255166
2112	5	-0.007492767846343895
2112	6	-0.1004479002940144
2112	7	-0.15272794984888094
2112	8	-0.008955637926788995
2112	9	-0.24712418568009298
2112	10-14	-0.15274306915059555
2112	15-19	-0.27942897150566637
2112	20-24	-0.3744486777772451
2112	25-29	-0.26430753930824835
2112	30-34	-0.2213768199063253
2112	35-39	-0.11170439593200143
2112	40-44	0.012219828207769012
2112	45-49	-0.12695679006256455
2112	50-54	-0.150031307582978
2112	55-59	-0.0919711193665691
2112	60-64	-0.12730638291539975
2112	65-69	-0.10198240276208992
2112	70-74	-0.028730943784260887
2112	75-79	-0.33941716348412854
2112	80-84	-0.15602246619072702
2112	85-89	-0.23778005432402693
2112	90-94	-0.1158334493733264
2112	95-99	-0.28681672868421515
2112	100-104	-0.3498613832208619
2112	105-109	-0.30432327160396966
2112	110-114	-0.19635008129642273
2112	115-119	-0.29019299992500436
2112	120-124	-0.26265070508035393
2112	125-129	-0.666700230223455
2112	130-134	-0.46256743566284797
2112	135-139	-0.8683437761648563
2112	140-144	-0.6472907847126415
2112	145-149	-0.7768296367740213
2112	150-151	-1.320481976364558
2113	1	-0.3283614598747491
2113	2	-0.46880356981753835
2113	3	-0.2431118394815286
2113	4	-0.2074798398724731
2113	5	-0.3423952774681496
2113	6	-0.28317454099960315
2113	7	-0.2799102938892659
2113	8	-0.3305607416878118
2113	9	-0.2723494518417766
2113	10-14	-0.38691227664082817
2113	15-19	-0.4078196418741342
2113	20-24	-0.5071531894620023
2113	25-29	-0.4503321765877004
2113	30-34	-0.4679691778966273
2113	35-39	-0.42616247613582203
2113	40-44	-0.29060001841712335
2113	45-49	-0.3788325518108451
2113	50-54	-0.3632301632836814
2113	55-59	-0.4000309648490372
2113	60-64	-0.33297963049273704
2113	65-69	-0.21943235193334232
2113	70-74	-0.14631691046587747
2113	75-79	-0.39381846425511213
2113	80-84	-0.03264533541005932
2113	85-89	-0.14249885947921115
2113	90-94	-0.276124524165823
2113	95-99	-0.16708489293703366
2113	100-104	-0.20066682729112983
2113	105-109	-0.4550971001658084
2113	110-114	-0.30055743323285355
2113	115-119	-0.3293548028320501
2113	120-124	-0.17968240489252452
2113	125-129	-0.38393587554808306
2113	130-134	-0.34872708552391884
2113	135-139	-0.46464766595767415
2113	140-144	-0.16301812731477838
2113	145-149	-0.14041231414136846
2113	150-151	-0.32379925031235857
2114	1	0.029504619021263778
2114	2	-0.05655360466560211
2114	3	-0.141509699810495
2114	4	0.1041402465507204
2114	5	-0.07110311131258484
2114	6	0.043474643555740045
2114	7	0.08218459738477435
2114	8	0.16144859759292274
2114	9	0.06027704662491118
2114	10-14	0.08187832135192252
2114	15-19	0.06928831742332875
2114	20-24	-8.845457485904262E-4
2114	25-29	0.20480094301084506
2114	30-34	0.19040533423049766
2114	35-39	-0.21414181953021938
2114	40-44	-0.16887231299384808
2114	45-49	-0.2623123756287953
2114	50-54	-0.08816092140314424
2114	55-59	-0.05606875526270727
2114	60-64	-0.2008218071828054
2114	65-69	-0.135420647310859
2114	70-74	-0.04965377595125631
2114	75-79	0.05180150176902032
2114	80-84	-0.08943659993067854
2114	85-89	-0.31156691992926255
2114	90-94	-0.21608901716804496
2114	95-99	-0.4013542801766974
2114	100-104	-0.33375933317815054
2114	105-109	0.1063698119674541
2114	110-114	0.03147368355800495
2114	115-119	-0.2536615103283637
2114	120-124	-0.1711553188042032
2114	125-129	-0.22968218416013286
2114	130-134	-0.13335202148272174
2114	135-139	-0.06282923464151935
2114	140-144	-0.4803580600897597
2114	145-149	-0.12034307812076861
2114	150-151	-0.5629753017903205
>>END_MODULE
>>Per sequence quality scores	pass
#Quality	Count
2	3945.0
3	0.0
4	0.0
5	0.0
6	0.0
7	0.0
8	0.0
9	0.0
10	0.0
11	0.0
12	0.0
13	10.0
14	130.0
15	1474.0
16	2948.0
17	1756.0
18	1305.0
19	1220.0
20	1264.0
21	1411.0
22	1552.0
23	1765.0
24	1971.0
25	2245.0
26	2687.0
27	3113.0
28	3558.0
29	4048.0
30	4785.0
31	5495.0
32	6916.0
33	8472.0
34	11337.0
35	16798.0
36	33977.0
37	149992.0
38	32262.0
>>END_MODULE
>>Per base sequence content	fail
#Base	G	A	T	C
1	58.642405889762	16.412719717280844	3.308528187615499	21.636346205341646
2	30.695458707862382	15.610712384831285	26.294666618180372	27.399162289125954
3	22.7590242354318	17.005795213741898	21.830401565666417	38.404778985159886
4	36.4189347782248	18.721218151945017	16.030890175244885	28.828956894585296
5	33.25487369872162	21.916023947819934	16.02824546846022	28.800856884998232
6	31.479614269515455	21.841641569501242	15.41202878763335	31.266715373349953
7	32.63237583928117	17.85739079840392	23.439705644134868	26.07052771818005
8	24.128982349888094	17.23687646905197	21.008889520679954	37.62525166037997
9	32.005249742967564	16.095354903121084	19.043541791326025	32.85585356258534
10-14	33.66129901385496	17.441047832828087	16.30065026728068	32.59700288603628
15-19	33.355438674208486	17.751734762356566	16.568625182236826	32.32420138119812
20-24	33.04600798040273	17.33896215094003	17.30015107887507	32.31487878978218
25-29	32.87780462889805	18.290329299053525	17.153502087665416	31.678363984383008
30-34	33.237749222290915	17.22788446598411	17.56891940586662	31.965446905858357
35-39	31.984127457628915	18.342849301665147	17.656082099174224	32.01694114153172
40-44	32.6416072724454	17.8833516650206	17.7480357474584	31.727005315075594
45-49	32.878095806459015	17.810903827640725	17.28885462418263	32.02214574171762
50-54	32.638860886580055	17.5463188563485	17.581516334705466	32.23330392236598
55-59	33.785409951927846	17.217960162048453	17.173570926715453	31.82305895930825
60-64	33.66065260146486	16.981483585462083	17.080208628102977	32.27765518497009
65-69	32.7063919092817	17.40019748906757	17.642956463160804	32.25045413848993
70-74	32.393173968984904	18.281877040757742	17.487729691056145	31.837219299201212
75-79	32.443518654787376	18.749580187095045	16.905195868663654	31.901705289453925
80-84	32.18710793202254	18.74873432600969	17.131154473134348	31.93300326883342
85-89	32.56836050838463	18.460038627499163	17.162103429811367	31.80949743430484
90-94	32.7053411205361	17.94822768297609	17.26651635246363	32.07991484402418
95-99	32.70543436777715	17.815446760519897	17.400868778435772	32.07825009326718
100-104	32.974481339072824	17.70674960610004	17.41193697244348	31.90683208238365
105-109	32.956297438330175	17.759817510673624	17.316936225094874	31.966948825901326
110-114	32.63383252152484	17.951461448431168	17.50570712318502	31.908998906858976
115-119	32.798516796991635	18.154610598687874	17.387892286214605	31.65898031810589
120-124	32.87322411055274	18.142066938142005	17.324477698181564	31.660231253123687
125-129	32.663734158496695	18.251773409669774	17.480500218503494	31.60399221333004
130-134	32.89427109962591	18.203018181734056	17.443498740303575	31.45921197833646
135-139	32.90635286232733	18.24825494498023	17.479204432178705	31.366187760513736
140-144	32.62796726672564	18.55511007463401	17.528333990704894	31.288588667935457
145-149	32.83162539620052	18.309688257095207	17.697877807782586	31.160808538921685
150-151	35.868417081635734	7.8793143528317815	19.508236167357943	36.74403239817454
>>END_MODULE
>>Per sequence GC content	fail
#GC Content	Count
0	3945.0
1	1972.5
2	0.0
3	0.0
4	0.0
5	0.0
6	0.0
7	0.0
8	0.0
9	0.0
10	0.0
11	0.0
12	0.0
13	0.0
14	0.0
15	0.5
16	1.0
17	0.5
18	0.0
19	0.0
20	0.0
21	0.5
22	1.0
23	0.5
24	1.0
25	3.0
26	3.0
27	2.0
28	5.0
29	8.0
30	9.0
31	13.0
32	19.0
33	25.0
34	35.0
35	40.0
36	52.0
37	73.5
38	100.0
39	152.5
40	207.0
41	266.5
42	346.5
43	440.5
44	517.0
45	627.5
46	746.0
47	823.0
48	928.0
49	1099.5
50	1369.5
51	1737.5
52	2168.5
53	2691.5
54	3472.5
55	4570.0
56	5878.5
57	7389.0
58	9167.5
59	11371.0
60	13904.0
61	16382.0
62	18585.5
63	20482.0
64	22131.0
65	22906.5
66	22686.0
67	22034.0
68	21062.0
69	19287.0
70	16782.5
71	14221.5
72	11669.0
73	9225.5
74	7116.5
75	5359.5
76	3986.0
77	2939.5
78	2093.5
79	1507.5
80	1101.0
81	808.0
82	623.5
83	502.0
84	406.0
85	335.5
86	264.0
87	207.0
88	159.5
89	120.0
90	95.0
91	82.0
92	69.5
93	43.5
94	35.0
95	25.5
96	13.5
97	11.0
98	5.0
99	2.0
100	4.5
>>END_MODULE
>>Per base N content	pass
#Base	N-Count
1	1.2873813781670562
2	1.2873813781670562
3	1.2873813781670562
4	1.2873813781670562
5	1.2873813781670562
6	1.2873813781670562
7	1.2873813781670562
8	1.2873813781670562
9	1.2873813781670562
10-14	1.2873813781670562
15-19	1.2873813781670562
20-24	1.2873813781670562
25-29	1.2873813781670562
30-34	1.2873813781670562
35-39	0.26083299944064714
40-44	0.0
45-49	0.0
50-54	0.0
55-59	0.0
60-64	0.0
65-69	0.0
70-74	0.0
75-79	0.0
80-84	0.0
85-89	0.0
90-94	0.0
95-99	0.0
100-104	0.0
105-109	0.0
110-114	0.0
115-119	0.0
120-124	0.0
125-129	0.0
130-134	0.0
135-139	0.0
140-144	0.0
145-149	0.0
150-151	0.0
>>END_MODULE
>>Sequence Length Distribution	warn
#Length	Count
35-39	6046.0
40-44	2830.0
45-49	3396.0
50-54	3958.0
55-59	4718.0
60-64	5286.0
65-69	5945.0
70-74	6478.0
75-79	7041.0
80-84	7682.0
85-89	8058.0
90-94	8437.0
95-99	8529.0
100-104	8700.0
105-109	8714.0
110-114	8869.0
115-119	8666.0
120-124	8455.0
125-129	8421.0
130-134	8244.0
135-139	8036.0
140-144	7933.0
145-149	16397.0
150-152	135597.0
>>END_MODULE
>>Sequence Duplication Levels	pass
#Total Deduplicated Percentage	96.5912878307473
#Duplication Level	Percentage of deduplicated	Percentage of total
1	97.87645797186404	94.54013123814362
2	2.0529048780818093	3.965854519358906
3	0.06822466317342346	0.1976972423321979
4	0.00168517107088299	0.006510913758068303
5	3.8932422626529104E-4	0.0018802664199336861
6	0.0	0.0
7	0.0	0.0
8	0.0	0.0
9	0.0	0.0
>10	0.0	0.0
>50	0.0	0.0
>100	0.0	0.0
>500	0.0	0.0
>1k	3.3799158355720413E-4	1.2879258199873003
>5k	0.0	0.0
>10k+	0.0	0.0
>>END_MODULE
>>Overrepresented sequences	fail
#Sequence	Count	Percentage	Possible Source
NNNNNNNNNNNNNNNNNNNNNNNNNNNNNNNNNNN	3945	1.2873813781670562	No Hit
>>END_MODULE
>>Adapter Content	pass
#Position	Illumina Universal Adapter	Illumina Small RNA 3' Adapter	Illumina Small RNA 5' Adapter	Nextera Transposase Sequence	SOLID Small RNA Adapter
1	0.0	0.0	0.0	0.0	0.0
2	0.0	0.0	0.0	0.0	0.0
3	0.0	0.0	0.0	0.0	0.0
4	0.0	3.2633241525147175E-4	0.0	0.0	0.0
5	0.0	3.2633241525147175E-4	3.2633241525147175E-4	0.0	0.0
6	3.2633241525147175E-4	3.2633241525147175E-4	6.526648305029435E-4	0.0	0.0
7	6.526648305029435E-4	3.2633241525147175E-4	6.526648305029435E-4	0.0	0.0
8	6.526648305029435E-4	3.2633241525147175E-4	6.526648305029435E-4	0.0	0.0
9	0.001305329661005887	3.2633241525147175E-4	6.526648305029435E-4	0.0	3.2633241525147175E-4
10-14	0.003328590635565012	6.526648305029435E-4	7.831977966035322E-4	0.0	3.2633241525147175E-4
15-19	0.0058087169914761965	6.526648305029435E-4	0.0011747966949052983	0.0	3.2633241525147175E-4
20-24	0.008745708728739443	6.526648305029435E-4	0.001305329661005887	0.0	3.2633241525147175E-4
25-29	0.01468495868631623	6.526648305029435E-4	0.001305329661005887	0.0	3.2633241525147175E-4
30-34	0.026563458601469803	6.526648305029435E-4	0.0015011291101567701	0.0	6.526648305029435E-4
35-39	0.040465219491182494	6.526648305029435E-4	0.0016316620762573588	0.0	9.789972457544152E-4
40-44	0.06826874127060789	6.526648305029435E-4	0.0016316620762573588	0.0	0.0016316620762573588
45-49	0.10259891135506272	6.526648305029435E-4	0.0016316620762573588	0.0	0.0017621950423579475
50-54	0.14188933415133992	8.484642796538265E-4	0.0016316620762573588	0.0	0.0019579944915088304
55-59	0.18855486953230038	9.789972457544152E-4	0.0016969285593076533	0.0	0.0019579944915088304
60-64	0.24044172355728438	9.789972457544152E-4	0.0019579944915088304	0.0	0.0019579944915088304
65-69	0.30348914618386874	9.789972457544152E-4	0.0019579944915088304	0.0	0.0020885274576094193
70-74	0.369408294064666	9.789972457544152E-4	0.0019579944915088304	0.0	0.002610659322011774
75-79	0.44061402707253716	9.789972457544152E-4	0.0019579944915088304	0.0	0.002806458771162657
80-84	0.5198475374955944	9.789972457544152E-4	0.0019579944915088304	0.0	0.0030675247033638345
85-89	0.6088057538931457	9.789972457544152E-4	0.0019579944915088304	0.0	0.0032633241525147176
90-94	0.7050085499092796	9.789972457544152E-4	0.0019579944915088304	0.0	0.003328590635565012
95-99	0.8071505958829903	0.0010442637288047096	0.0019579944915088304	0.0	0.003915988983017661
100-104	0.9127517654583664	0.001305329661005887	0.0019579944915088304	0.0	0.003915988983017661
105-109	1.0200498635930506	0.001305329661005887	0.0019579944915088304	0.0	0.003915988983017661
110-114	1.1280006265582372	0.0015663955932070644	0.0019579944915088304	0.0	0.003915988983017661
115-119	1.239279980158989	0.0016316620762573588	0.0019579944915088304	0.0	0.003915988983017661
120-124	1.3465780782936732	0.0016316620762573588	0.0019579944915088304	0.0	0.003915988983017661
125-129	1.4124972261744702	0.0016316620762573588	0.0019579944915088304	0.0	0.004568653813520605
130-134	1.4619039538435432	0.0016316620762573588	0.0019579944915088304	0.0	0.004568653813520605
135-139	1.492840266809383	0.0016316620762573588	0.0020885274576094193	0.0	0.004568653813520605
140	1.4949287942669922	0.0016316620762573588	0.0022843269067603024	0.0	0.004894986228772076
>>END_MODULE
