##FastQC	0.11.9
>>Basic Statistics	pass
#Measure	Value
Filename	ERR3077936_2.fastq
File type	Conventional base calls
Encoding	Sanger / Illumina 1.9
Total Sequences	1282638
Sequences flagged as poor quality	0
Sequence length	35-151
%GC	65
>>END_MODULE
>>Per base sequence quality	pass
#Base	Mean	Median	Lower Quartile	Upper Quartile	10th Percentile	90th Percentile
1	30.80924157868393	32.0	32.0	33.0	29.0	34.0
2	31.044426408698325	32.0	32.0	33.0	29.0	34.0
3	31.14285090571151	32.0	32.0	33.0	29.0	34.0
4	31.21290496617128	32.0	32.0	33.0	29.0	34.0
5	31.204832540436193	32.0	32.0	33.0	29.0	34.0
6	32.00153667675525	33.0	32.0	37.0	18.0	37.0
7	31.992598067420424	33.0	32.0	37.0	18.0	37.0
8	31.91230885097744	33.0	32.0	37.0	17.0	37.0
9	31.905767644495175	33.0	32.0	37.0	17.0	37.0
10-14	33.729140100324486	35.4	33.6	37.4	28.0	37.4
15-19	35.01848300143922	38.0	35.8	38.0	26.2	38.0
20-24	34.19167153943669	38.0	34.0	38.0	17.0	38.4
25-29	34.82834018639709	38.0	35.8	38.0	25.8	39.0
30-34	34.37269783056482	37.8	34.8	38.0	20.0	39.0
35-39	34.204951024070205	37.6	34.2	38.0	17.0	39.0
40-44	34.70370963446836	38.0	35.6	38.0	22.2	39.0
45-49	34.57941398012803	38.0	35.2	38.0	22.0	39.0
50-54	34.2493729551211	38.0	34.4	38.0	16.6	39.0
55-59	34.426836735318126	38.0	34.8	38.0	17.2	39.0
60-64	34.14404560816098	38.0	34.0	38.0	16.4	39.0
65-69	34.212650270554946	38.0	34.0	38.0	16.4	39.0
70-74	33.76061115919741	37.8	33.8	38.0	15.8	39.0
75-79	33.189774782389065	37.0	32.4	38.0	15.0	39.0
80-84	33.29884883927595	37.0	32.8	38.0	14.8	39.0
85-89	32.9562568277323	37.0	31.8	38.0	14.6	39.0
90-94	32.372134042408874	37.0	30.4	38.0	14.0	39.0
95-99	32.45019176648895	37.0	31.0	38.0	14.0	39.0
100-104	31.793851294397136	36.4	29.2	38.0	13.8	39.0
105-109	31.34990974559063	35.2	27.4	38.0	13.0	39.0
110-114	31.60729579439866	36.0	29.4	38.0	13.0	39.0
115-119	30.694149432325638	34.6	26.2	38.0	13.0	38.2
120-124	30.21857019354679	34.0	25.0	38.0	13.0	38.0
125-129	30.16730159294105	34.0	25.0	37.6	12.6	38.0
130-134	29.51463838371211	33.6	24.0	37.0	12.0	38.0
135-139	28.816697993782032	33.0	24.0	37.0	12.0	38.0
140-144	28.418561553453564	32.6	22.2	37.0	12.0	38.0
145-149	27.6611882316543	32.0	14.2	37.0	12.0	37.0
150-151	25.316293117220283	28.0	13.5	35.0	12.0	37.0
>>END_MODULE
>>Per tile sequence quality	pass
#Tile	Base	Mean
1101	1	0.1409821295987186
1101	2	0.3737142709490904
1101	3	0.3756390501943905
1101	4	0.4374286529641722
1101	5	0.3842936079731416
1101	6	1.153706617530041
1101	7	1.1234266767365213
1101	8	1.3270472453552564
1101	9	1.4571058892438806
1101	10-14	0.6531562906622241
1101	15-19	0.8668477574494347
1101	20-24	1.7586657877445973
1101	25-29	1.1867887173124032
1101	30-34	1.4092704897807593
1101	35-39	1.4358605381044072
1101	40-44	0.8864823161157958
1101	45-49	0.686172679512147
1101	50-54	0.8339686849391867
1101	55-59	0.6619392302993461
1101	60-64	0.8158984662822988
1101	65-69	0.48221868084713293
1101	70-74	0.6895316721292559
1101	75-79	0.8879560044610528
1101	80-84	0.7730164874750471
1101	85-89	0.6373585671535977
1101	90-94	0.8680985352381327
1101	95-99	0.5870265042952525
1101	100-104	0.8743486231668385
1101	105-109	0.8025387999467029
1101	110-114	0.4417408677911894
1101	115-119	0.7405925984166046
1101	120-124	0.6731461514232286
1101	125-129	0.36398032662272684
1101	130-134	0.13365358986394682
1101	135-139	0.4046291233310306
1101	140-144	0.35295362391993734
1101	145-149	0.26061908378160936
1101	150-151	-0.27872715699445294
1102	1	0.23705498055808505
1102	2	0.25581849285580915
1102	3	0.30000069668830776
1102	4	0.3162776285515818
1102	5	0.23638235726271972
1102	6	-0.42630150775493547
1102	7	0.8198535502521977
1102	8	-0.13518017402398286
1102	9	-0.17241839260842085
1102	10-14	0.07730637720947442
1102	15-19	0.2656907687319148
1102	20-24	0.004387533470719518
1102	25-29	0.6763273048526273
1102	30-34	0.11973336090206743
1102	35-39	0.006956734474350412
1102	40-44	0.5448975888611756
1102	45-49	-0.03931725132510877
1102	50-54	-0.2694781630889693
1102	55-59	0.41726459746329425
1102	60-64	0.17520697742387625
1102	65-69	0.4355209689764905
1102	70-74	0.28134161806472946
1102	75-79	0.10400000391856423
1102	80-84	0.44347631396624365
1102	85-89	0.3865063384264147
1102	90-94	0.17163449513164153
1102	95-99	0.49242629853994657
1102	100-104	0.16661992926449898
1102	105-109	-0.4165856008217368
1102	110-114	0.42312699028586565
1102	115-119	0.2544025759376609
1102	120-124	0.1884726401263208
1102	125-129	0.3464062133421777
1102	130-134	0.38075065198332325
1102	135-139	0.7362359671285112
1102	140-144	0.6502697270030318
1102	145-149	0.4311451152323684
1102	150-151	0.3351809551848852
1103	1	-0.14021844041518605
1103	2	-0.001957251284064654
1103	3	0.028566901642495424
1103	4	-0.07882864272038148
1103	5	0.13075750467408653
1103	6	0.9778189456769439
1103	7	-2.4771017615588953
1103	8	-2.350503087975177
1103	9	-1.814037084406035
1103	10-14	0.2750663451385975
1103	15-19	-0.026893481198897007
1103	20-24	-2.1619799474543413
1103	25-29	0.4053689502518978
1103	30-34	-0.44743696886856554
1103	35-39	-1.4930711340438378
1103	40-44	0.6590236069257642
1103	45-49	-0.7609232961482277
1103	50-54	-1.1586278527516711
1103	55-59	0.3838025611644298
1103	60-64	-0.757266641991059
1103	65-69	0.3653972695753822
1103	70-74	0.7122661515074995
1103	75-79	-1.5517698317726598
1103	80-84	-0.32404820569120574
1103	85-89	-0.3024409694804717
1103	90-94	-0.9623329159985055
1103	95-99	0.28348906782552064
1103	100-104	-0.3827370152865299
1103	105-109	-1.8295393530731268
1103	110-114	0.16057495655802612
1103	115-119	-0.44737941061072206
1103	120-124	-0.023885848560531997
1103	125-129	0.5771101222456743
1103	130-134	-0.07852209956870482
1103	135-139	-0.13031387942913142
1103	140-144	0.47089439872853944
1103	145-149	-0.32699722454813696
1103	150-151	0.29720739429149745
1104	1	0.4124990930906449
1104	2	0.4758823858935983
1104	3	0.19850068947283006
1104	4	0.4452722963150002
1104	5	0.46047230538344763
1104	6	0.6521880767058192
1104	7	0.8187692446335078
1104	8	1.07725660036974
1104	9	1.5343937380494133
1104	10-14	0.7495436978147083
1104	15-19	0.7338655239469034
1104	20-24	1.5346008590113414
1104	25-29	1.0817266994742099
1104	30-34	1.2410532337653848
1104	35-39	1.3090856574582261
1104	40-44	0.764599784943762
1104	45-49	0.7163437670441013
1104	50-54	0.8730823306938333
1104	55-59	0.5029978961837358
1104	60-64	0.8079439654083274
1104	65-69	0.5527414089537643
1104	70-74	0.4541033292541883
1104	75-79	0.8901080276616398
1104	80-84	0.6271932601553942
1104	85-89	0.7175978730638946
1104	90-94	0.9139771789827478
1104	95-99	0.5946279049843923
1104	100-104	0.5272661622687664
1104	105-109	0.4971482055086369
1104	110-114	0.4957350797625395
1104	115-119	1.0469492773490572
1104	120-124	1.057526299271057
1104	125-129	0.772555032378861
1104	130-134	0.8599095485173969
1104	135-139	1.1294377405038638
1104	140-144	1.0083035970666892
1104	145-149	1.3981638709892081
1104	150-151	1.1270131892758855
1105	1	0.5890073772269986
1105	2	0.5886275772857132
1105	3	0.5047999658011477
1105	4	0.41731952541422146
1105	5	0.36330033813911555
1105	6	-0.3411408130294724
1105	7	-0.7926771465300817
1105	8	0.665269359844121
1105	9	-0.3383428835464741
1105	10-14	0.15375461002190605
1105	15-19	0.6090958610255512
1105	20-24	1.6352995830639045
1105	25-29	0.7031882306111399
1105	30-34	1.162485246715299
1105	35-39	1.6258774419479565
1105	40-44	0.9294197114284231
1105	45-49	0.9330826141095727
1105	50-54	1.0479054545246598
1105	55-59	0.6400295284566653
1105	60-64	1.0120523624139608
1105	65-69	0.8548178742465922
1105	70-74	0.7797945782108044
1105	75-79	1.2052095963151572
1105	80-84	1.001433100480881
1105	85-89	1.0846299341070278
1105	90-94	1.4419009133190315
1105	95-99	0.9142419609717649
1105	100-104	1.3505139716040517
1105	105-109	1.1460434513205726
1105	110-114	0.8231296226724467
1105	115-119	1.1050511021122702
1105	120-124	1.062486184954178
1105	125-129	0.7040860431411389
1105	130-134	1.0543601397231726
1105	135-139	0.9984117477756342
1105	140-144	0.8904579727436719
1105	145-149	0.9781386627852484
1105	150-151	0.511663889492926
1106	1	0.37321841570018677
1106	2	0.3713519684429123
1106	3	0.4395962231858519
1106	4	0.40275910144831784
1106	5	0.3954796268704861
1106	6	-0.4593757353604282
1106	7	0.8549403587587605
1106	8	0.19039363270301024
1106	9	-0.48092274087298037
1106	10-14	0.5098036465822844
1106	15-19	0.6241632314400007
1106	20-24	1.1636655255508899
1106	25-29	0.9934121435664736
1106	30-34	0.8186911907287069
1106	35-39	1.0357296079947105
1106	40-44	0.5871138027218592
1106	45-49	0.6284820972734337
1106	50-54	0.4058827447647104
1106	55-59	0.4613073219909296
1106	60-64	0.40921722886319145
1106	65-69	0.5224119445544133
1106	70-74	0.5013273084914687
1106	75-79	0.6950682677573781
1106	80-84	0.6086599284860696
1106	85-89	0.8135811872687952
1106	90-94	0.8585504382771205
1106	95-99	0.6272977207651138
1106	100-104	1.0606126075024136
1106	105-109	0.8942519426017341
1106	110-114	0.783130415337645
1106	115-119	1.0623791687689845
1106	120-124	0.9344916520576021
1106	125-129	0.819717087651938
1106	130-134	1.0867853165929269
1106	135-139	0.8973725517152396
1106	140-144	0.9711858846469994
1106	145-149	1.0914798969145068
1106	150-151	0.9825713664268285
1107	1	0.4458110148400358
1107	2	0.12220483148244199
1107	3	0.0956865365077384
1107	4	0.27942533492201704
1107	5	0.44843164359090437
1107	6	1.0973576968845364
1107	7	1.071566442932344
1107	8	0.9076321025770575
1107	9	1.09621458649951
1107	10-14	0.26224818303612096
1107	15-19	0.3701792303012681
1107	20-24	1.2497573014169419
1107	25-29	-0.026170747309265607
1107	30-34	0.7925198537492903
1107	35-39	0.9453881234201305
1107	40-44	0.45472359962452913
1107	45-49	0.5423452377770914
1107	50-54	0.6456143515678505
1107	55-59	-0.5373513943154862
1107	60-64	0.3461551496299009
1107	65-69	0.3858373581365413
1107	70-74	0.21382953986132947
1107	75-79	0.9410394590265909
1107	80-84	0.5107215704482115
1107	85-89	0.4412515831968733
1107	90-94	0.9738585774637727
1107	95-99	0.042461634459996844
1107	100-104	0.7169307076194258
1107	105-109	0.5338031800759317
1107	110-114	0.6336031526180577
1107	115-119	1.224136696736089
1107	120-124	0.9809137213908912
1107	125-129	0.5843926848923751
1107	130-134	0.9338637326764925
1107	135-139	0.9645405019807818
1107	140-144	0.6713308369383952
1107	145-149	1.3260131581480437
1107	150-151	0.918475191490888
1108	1	0.3844631858359442
1108	2	0.49627014217972487
1108	3	0.5639941694522328
1108	4	0.5835344461086649
1108	5	0.40265118167711833
1108	6	0.6140445057072128
1108	7	0.3910484596201229
1108	8	0.6876420358476416
1108	9	1.4872494200406656
1108	10-14	0.4675984797675241
1108	15-19	0.6396624858638944
1108	20-24	0.8588457985615392
1108	25-29	0.5053539958051516
1108	30-34	0.9441010895561632
1108	35-39	0.9387733309417712
1108	40-44	0.49983198756991953
1108	45-49	0.7958863140107084
1108	50-54	0.6655380179921053
1108	55-59	0.6039674700223188
1108	60-64	0.7462911287445664
1108	65-69	0.6634897288230732
1108	70-74	0.9074132201726499
1108	75-79	1.2354172465800133
1108	80-84	1.1116932444801222
1108	85-89	1.0497398793696107
1108	90-94	1.1369478613527235
1108	95-99	1.0289279960360602
1108	100-104	0.874472120345871
1108	105-109	0.4162350172692406
1108	110-114	0.7334768520848982
1108	115-119	1.2581711894736642
1108	120-124	1.2327447434669239
1108	125-129	1.0286678947757686
1108	130-134	0.997361885150525
1108	135-139	0.8035913390557035
1108	140-144	1.348582855785434
1108	145-149	1.5570989159900819
1108	150-151	0.8403713002968765
1109	1	0.3476043343342994
1109	2	0.4246302232793653
1109	3	0.2642307916271882
1109	4	0.4058247769501797
1109	5	0.4138197809575743
1109	6	-0.0200281631810455
1109	7	0.23540522191977686
1109	8	1.0876340976956307
1109	9	0.4664449372683599
1109	10-14	0.12228196226742938
1109	15-19	0.10915883186727626
1109	20-24	0.7567513769619438
1109	25-29	-0.37108285048665834
1109	30-34	0.35554556680438765
1109	35-39	0.18890385763886286
1109	40-44	0.045971522192409964
1109	45-49	0.5097404919364266
1109	50-54	0.2104658411198983
1109	55-59	-0.07300624967566449
1109	60-64	0.3510598652476915
1109	65-69	0.4729617647959543
1109	70-74	-0.010689465903020334
1109	75-79	0.5083755399899914
1109	80-84	0.3445140543924552
1109	85-89	0.5114731269157247
1109	90-94	0.7973642386442492
1109	95-99	0.4398532371793067
1109	100-104	0.652631089981675
1109	105-109	0.5901889241182268
1109	110-114	0.4947772910070327
1109	115-119	0.548583918017453
1109	120-124	0.6396829639121826
1109	125-129	0.3422398597258258
1109	130-134	0.6717113657368614
1109	135-139	0.5409198073799253
1109	140-144	0.8006467791167431
1109	145-149	1.0909679140285853
1109	150-151	0.7572152383892288
1110	1	0.559550692860526
1110	2	0.6416326329765418
1110	3	0.49562696729731925
1110	4	0.49244669999690416
1110	5	0.43744786261081003
1110	6	0.7963819962526557
1110	7	1.1427432972363576
1110	8	1.1048550278896165
1110	9	1.215847765870219
1110	10-14	0.6483806746995455
1110	15-19	0.34122627242383885
1110	20-24	0.8002069866684067
1110	25-29	-0.504101175907472
1110	30-34	0.4460068042983494
1110	35-39	0.6664267114952409
1110	40-44	-0.1750890877283311
1110	45-49	0.35752992188984223
1110	50-54	0.40120450042958566
1110	55-59	0.10567309538171799
1110	60-64	0.5590116913002205
1110	65-69	0.41320764085262596
1110	70-74	0.1516477914744172
1110	75-79	0.7939165064442477
1110	80-84	0.4177138757661538
1110	85-89	0.32832672412028785
1110	90-94	0.7434686240099353
1110	95-99	0.5025953438632627
1110	100-104	0.6941140257372993
1110	105-109	1.1211518637517912
1110	110-114	0.5920855107741403
1110	115-119	0.8737253787319048
1110	120-124	1.071483766982002
1110	125-129	0.5394874506100145
1110	130-134	0.6308908872830337
1110	135-139	0.6685435160296223
1110	140-144	0.7808336655231507
1110	145-149	1.201164110289941
1110	150-151	0.8920531440716744
1111	1	0.40807610637132896
1111	2	0.4736569782668276
1111	3	0.32737926955250174
1111	4	0.27188477609993456
1111	5	0.3157208719514024
1111	6	1.2596828785456466
1111	7	-0.2281823932245004
1111	8	-0.29941521195042853
1111	9	-0.06909830544011086
1111	10-14	0.5572006927530637
1111	15-19	0.5424229382385164
1111	20-24	0.15700471930159665
1111	25-29	0.6728525999635693
1111	30-34	0.8639777676811917
1111	35-39	0.5868996914708262
1111	40-44	0.8478865736780037
1111	45-49	0.6583570530768341
1111	50-54	0.6266737022260855
1111	55-59	0.7674801669965703
1111	60-64	0.48732111443656834
1111	65-69	0.5112796477743942
1111	70-74	0.7778277946306673
1111	75-79	0.18898017635842024
1111	80-84	0.6260672670266771
1111	85-89	0.8487238147011382
1111	90-94	0.4266826486611919
1111	95-99	0.8968282539211856
1111	100-104	0.7254584011192762
1111	105-109	0.8372705409916321
1111	110-114	0.8121850667155499
1111	115-119	0.916911937122677
1111	120-124	1.0226067837609918
1111	125-129	1.0843086312320231
1111	130-134	0.9095858329305244
1111	135-139	0.9179162473501385
1111	140-144	1.0398266319787517
1111	145-149	0.8328006695630314
1111	150-151	0.8014269845763238
1112	1	0.4685895566397562
1112	2	0.18884440345537
1112	3	0.26239950507422094
1112	4	0.28364272719104733
1112	5	0.1847014252527579
1112	6	0.5942648584088985
1112	7	0.33549887501946074
1112	8	0.7272923365347346
1112	9	1.2949410118905398
1112	10-14	0.3872611779045627
1112	15-19	0.5328746111431428
1112	20-24	0.727256566587414
1112	25-29	0.737729864677398
1112	30-34	0.865742329129894
1112	35-39	0.5950209940195137
1112	40-44	0.6419723941587776
1112	45-49	0.5059600859376587
1112	50-54	0.4074794913364741
1112	55-59	0.6159876627169965
1112	60-64	0.283357990957974
1112	65-69	0.3849599603035969
1112	70-74	0.3533776426940136
1112	75-79	0.37444399245850946
1112	80-84	0.31644550916925596
1112	85-89	0.5714557303190304
1112	90-94	0.47355208703331186
1112	95-99	0.6615657273545494
1112	100-104	0.5371597492166273
1112	105-109	0.9893805689418755
1112	110-114	0.576653897226926
1112	115-119	0.7145537473050076
1112	120-124	1.0003748054173514
1112	125-129	0.5587760987037456
1112	130-134	0.7539013862793347
1112	135-139	1.0128072647334605
1112	140-144	0.7512697355231666
1112	145-149	0.9753951297657899
1112	150-151	0.2562282810519996
1113	1	0.4050191049599974
1113	2	0.5097515474792864
1113	3	0.5358754607405203
1113	4	0.40638603720986666
1113	5	0.5126949829115155
1113	6	0.5477699222488042
1113	7	0.500688441191393
1113	8	1.2388029014415132
1113	9	0.8538361610929108
1113	10-14	0.5027603099624258
1113	15-19	0.5566385543762493
1113	20-24	1.4992934569158365
1113	25-29	1.027808170567397
1113	30-34	1.3035123975412546
1113	35-39	1.3371152293755486
1113	40-44	0.9278961393910379
1113	45-49	0.8644039480038046
1113	50-54	0.8658569207419333
1113	55-59	0.7060765824871424
1113	60-64	0.643668383990537
1113	65-69	0.6670359415902496
1113	70-74	0.8673607892834383
1113	75-79	1.312331131182539
1113	80-84	1.0719790179877577
1113	85-89	1.1224914000135868
1113	90-94	1.3745733590633336
1113	95-99	1.1006989212527998
1113	100-104	1.4683423841649414
1113	105-109	1.5485263166988616
1113	110-114	1.0165406440989813
1113	115-119	1.557897136748693
1113	120-124	1.6197086461288208
1113	125-129	1.1092446297748637
1113	130-134	1.28451964170916
1113	135-139	1.4854542582656443
1113	140-144	1.1988021710292323
1113	145-149	1.4306209318448602
1113	150-151	0.9515374582576008
1114	1	0.2284148696862438
1114	2	0.18424664833741033
1114	3	0.2850820948916102
1114	4	0.24195807029880712
1114	5	0.2508045527613483
1114	6	-2.0868100950400965
1114	7	0.4997584950493348
1114	8	-0.9950731864255928
1114	9	-0.8513623756047579
1114	10-14	0.07416433509184372
1114	15-19	0.3158829610920719
1114	20-24	-0.3739467786919306
1114	25-29	0.7495146838584503
1114	30-34	-0.6725565714499524
1114	35-39	-0.42914217968456825
1114	40-44	0.6157298733201984
1114	45-49	0.2878707531614637
1114	50-54	0.26603537334524674
1114	55-59	0.8390663173213326
1114	60-64	0.2860180454664061
1114	65-69	0.6444161009558087
1114	70-74	0.730024446265432
1114	75-79	0.4613943278633812
1114	80-84	0.3543326236356563
1114	85-89	0.4270059349802082
1114	90-94	0.5604202976878412
1114	95-99	0.7577805002808446
1114	100-104	0.6359419580519514
1114	105-109	1.0609516987197978
1114	110-114	0.8313657993828869
1114	115-119	0.9301571839562932
1114	120-124	0.6513796696677367
1114	125-129	1.0501257905632748
1114	130-134	0.6138690158856086
1114	135-139	0.6684944346930592
1114	140-144	0.9288577034365311
1114	145-149	0.6678825261772943
1114	150-151	0.7478960033015163
2101	1	-0.8525165223948363
2101	2	-0.607947648139195
2101	3	-0.4711147231607704
2101	4	-0.29986467540154393
2101	5	-0.0860717411193157
2101	6	0.6460750624314713
2101	7	0.5632060411428128
2101	8	0.7025083907337155
2101	9	0.9472574611846163
2101	10-14	0.007795239750507221
2101	15-19	0.2419209570524785
2101	20-24	-1.1613698787643045
2101	25-29	0.03055909637652121
2101	30-34	0.7285117107699008
2101	35-39	0.7432444701240897
2101	40-44	-0.009985461287548958
2101	45-49	-0.14232750399848015
2101	50-54	0.007346324773919832
2101	55-59	-0.06198025905563043
2101	60-64	-0.16270101179839713
2101	65-69	-0.3493552753381195
2101	70-74	-0.14922979412889958
2101	75-79	-0.012293956847557297
2101	80-84	-0.3214762505489972
2101	85-89	-0.32047507210690895
2101	90-94	-0.1886192128825499
2101	95-99	-0.410532783029538
2101	100-104	-0.19713968043268437
2101	105-109	-0.22172808751375328
2101	110-114	-0.9239486825381853
2101	115-119	-0.5371273442672582
2101	120-124	-0.562237632590012
2101	125-129	-1.15038216460432
2101	130-134	-1.1837676072664927
2101	135-139	-0.8897220429797237
2101	140-144	-1.0767321276452009
2101	145-149	-1.2243962597655766
2101	150-151	-1.152780236858824
2102	1	-0.7012435658266796
2102	2	-0.7649888066329531
2102	3	-0.4331949104419657
2102	4	-0.3451683207923857
2102	5	-0.8129331962445221
2102	6	-1.7640885870193443
2102	7	-0.13542087799680758
2102	8	-1.339560184464272
2102	9	-1.2749062345641633
2102	10-14	-0.7699920262518702
2102	15-19	-0.4911838476868553
2102	20-24	-1.0953153081066986
2102	25-29	-0.4037302734132311
2102	30-34	-0.7981139907728476
2102	35-39	-0.682589330567744
2102	40-44	-0.27218091738075856
2102	45-49	-0.9198224871021452
2102	50-54	-0.9688399732442647
2102	55-59	-0.345398028014138
2102	60-64	-1.0032990148233125
2102	65-69	-0.5327391704084263
2102	70-74	-0.4840861370398102
2102	75-79	-0.5197466231782499
2102	80-84	-0.5738908779817962
2102	85-89	-0.49072538615605055
2102	90-94	-0.8287084785988625
2102	95-99	-0.6324947400224872
2102	100-104	-0.828469565817727
2102	105-109	-0.7099240451142528
2102	110-114	-0.4924814406082696
2102	115-119	-0.7255723735751936
2102	120-124	-0.9014261701591018
2102	125-129	-0.804721318421155
2102	130-134	-1.2055405940136161
2102	135-139	-0.7881439523245888
2102	140-144	-0.9165476070409646
2102	145-149	-1.0036327806338186
2102	150-151	-0.8178713230022829
2103	1	-0.43395646361089746
2103	2	-0.7122405059672197
2103	3	-0.6207290255965212
2103	4	-0.6025363849209846
2103	5	-0.6488378866458255
2103	6	0.3189718250775613
2103	7	-2.520704384288159
2103	8	-2.942432321370788
2103	9	-2.8284923164308253
2103	10-14	-1.10319846840693
2103	15-19	-0.7226822560846529
2103	20-24	-2.645781499659769
2103	25-29	-0.4431803705035975
2103	30-34	-1.4151200185084392
2103	35-39	-2.4906015327124145
2103	40-44	-0.3680820661445452
2103	45-49	-1.54277657579253
2103	50-54	-1.8911505809062277
2103	55-59	-0.18472573789298252
2103	60-64	-1.8998413433561936
2103	65-69	-0.8807866998534521
2103	70-74	-0.4778504677341644
2103	75-79	-2.3328960385675295
2103	80-84	-1.513211576892374
2103	85-89	-1.437942131540808
2103	90-94	-2.560662788165885
2103	95-99	-0.9555005026319101
2103	100-104	-1.824438205896275
2103	105-109	-2.31380497255104
2103	110-114	-1.0980117429530125
2103	115-119	-2.026369207561544
2103	120-124	-1.7045949964767892
2103	125-129	-0.7371310758406509
2103	130-134	-1.7288336263096546
2103	135-139	-1.9077261515800963
2103	140-144	-1.2593836634550506
2103	145-149	-2.197006431261311
2103	150-151	-1.0819292352733214
2104	1	-0.1876284201226106
2104	2	-0.1890018224851282
2104	3	0.03716967287012807
2104	4	-0.1426261704468743
2104	5	-0.22406654909558554
2104	6	0.19863502928437526
2104	7	0.39490348669496456
2104	8	0.5693295129062612
2104	9	0.8640318507383746
2104	10-14	-0.007169550471317621
2104	15-19	-0.15411937271446874
2104	20-24	0.18341593886830054
2104	25-29	0.27001221936242104
2104	30-34	0.41261847048765077
2104	35-39	0.752723578312704
2104	40-44	0.04290520517318441
2104	45-49	-0.06097356911276819
2104	50-54	0.08975022747329575
2104	55-59	-0.25400650982958695
2104	60-64	0.050858594789822575
2104	65-69	-0.5467938399932137
2104	70-74	-0.47168008881924095
2104	75-79	0.3344273192161822
2104	80-84	-0.42794263852932346
2104	85-89	-0.31221239741801554
2104	90-94	-0.35641447554402816
2104	95-99	-0.7386733716350555
2104	100-104	-0.6368863599541115
2104	105-109	-0.07980040684378764
2104	110-114	-0.7485565596287422
2104	115-119	-0.8787775536343077
2104	120-124	-0.7185016882958521
2104	125-129	-0.8340792334024272
2104	130-134	-0.3879550201296347
2104	135-139	0.09202551308394646
2104	140-144	-0.1502500286584869
2104	145-149	-0.13788586819527993
2104	150-151	-0.2384635416972536
2105	1	-0.14371643790872923
2105	2	-0.44716007789501333
2105	3	-0.17065422658946972
2105	4	-0.4787595414256529
2105	5	-0.7298804147636169
2105	6	-0.967279206783406
2105	7	-1.372937488563803
2105	8	0.2861559155350868
2105	9	-1.5404007105475834
2105	10-14	-0.3157953357401695
2105	15-19	-1.2488847740268767
2105	20-24	-0.5416615397280822
2105	25-29	-1.0973060978430098
2105	30-34	-0.3673398795050531
2105	35-39	0.19403378371822555
2105	40-44	-0.6472016447019016
2105	45-49	-0.05396600905989857
2105	50-54	-0.20996575615527036
2105	55-59	-0.5742661089298835
2105	60-64	-0.16738871575940806
2105	65-69	-0.3795615510761934
2105	70-74	-0.23696566834990307
2105	75-79	0.546762658366525
2105	80-84	0.15713813583094094
2105	85-89	0.09533494128901765
2105	90-94	0.04191643188249117
2105	95-99	-0.346085203435365
2105	100-104	0.22699785458839727
2105	105-109	0.6723274507815873
2105	110-114	-0.29609644010295
2105	115-119	-0.39619537521739545
2105	120-124	-0.3568122631459083
2105	125-129	-0.2831115370474926
2105	130-134	0.018509292594735882
2105	135-139	-0.48576979617996585
2105	140-144	-0.9460906405651173
2105	145-149	-0.6026194156468421
2105	150-151	-0.6359508362534179
2106	1	-0.3849269868952412
2106	2	-0.36946426819257283
2106	3	-0.3030426748898414
2106	4	-0.589732555614841
2106	5	-0.6738047570702861
2106	6	-0.9139207139171113
2106	7	0.24998892007199913
2106	8	-0.14505220866367452
2106	9	-0.812616284158235
2106	10-14	-0.4966313993197815
2106	15-19	-0.23176414339864948
2106	20-24	-0.41935008855329414
2106	25-29	-0.09978776426288505
2106	30-34	-0.5458071169543501
2106	35-39	-0.3444420193824058
2106	40-44	-0.38348300118427403
2106	45-49	-0.2992980121418469
2106	50-54	-0.0071824942812597214
2106	55-59	-0.24048494818043054
2106	60-64	-0.4114705191379642
2106	65-69	-0.3488973092009928
2106	70-74	-0.24993569095924073
2106	75-79	0.06950098660609427
2106	80-84	-0.28092420233030424
2106	85-89	-0.30298164002071815
2106	90-94	-0.2261768372675732
2106	95-99	-0.2990577381869812
2106	100-104	-0.042927590779367364
2106	105-109	0.12474309561277863
2106	110-114	-0.9725150529743587
2106	115-119	-1.7390766967785893
2106	120-124	-1.3119607151756334
2106	125-129	-0.8327110945176202
2106	130-134	-0.42553070953351835
2106	135-139	-0.4981471490149545
2106	140-144	-0.9085343991465642
2106	145-149	-0.8591686611902283
2106	150-151	-0.3907760309683965
2107	1	-0.33228415408515843
2107	2	-0.14000180413323804
2107	3	-0.0232839391261912
2107	4	-0.1861172808665792
2107	5	-0.05302249745697907
2107	6	0.37426036986836664
2107	7	0.5112579042967411
2107	8	0.6266361473895863
2107	9	0.3592601476948367
2107	10-14	-0.1905657275290622
2107	15-19	-0.6254910851142839
2107	20-24	0.32347303976008135
2107	25-29	-1.435296610558325
2107	30-34	-0.9415209039336077
2107	35-39	0.06650969297775333
2107	40-44	-0.592593951998758
2107	45-49	-0.6462490182701046
2107	50-54	-0.191987591814339
2107	55-59	-1.4548044539765073
2107	60-64	-0.5397352713114358
2107	65-69	-0.5867837699568739
2107	70-74	-0.4897100432323924
2107	75-79	-0.15408688527380576
2107	80-84	-0.7510648377663074
2107	85-89	-0.6512757375777127
2107	90-94	-0.2475541585830996
2107	95-99	-0.9391072344856504
2107	100-104	-1.1786696919375679
2107	105-109	-0.6252557894538029
2107	110-114	-0.7992007525966827
2107	115-119	-0.49827367051872073
2107	120-124	-0.6483806157701792
2107	125-129	-0.8261661797269575
2107	130-134	-0.7788453106465347
2107	135-139	-1.0131398517387034
2107	140-144	-1.5363013930712022
2107	145-149	-0.5604886725515712
2107	150-151	-0.013654361727713393
2108	1	-0.35991547613470587
2108	2	-0.11892620219893857
2108	3	-0.40187362062228615
2108	4	-0.21849644365446608
2108	5	-0.0013803583344049741
2108	6	0.12054639666510525
2108	7	0.26559568217999185
2108	8	0.8464261701822373
2108	9	0.9049656251594449
2108	10-14	0.05742671734734017
2108	15-19	-0.009073275129310332
2108	20-24	0.4131746641548091
2108	25-29	-0.060835538753366336
2108	30-34	0.025811815986394038
2108	35-39	0.0036457977379455997
2108	40-44	-0.13705868666180976
2108	45-49	-0.21151605094962633
2108	50-54	0.06193771867471298
2108	55-59	-0.30988636868438135
2108	60-64	-0.22761629062317468
2108	65-69	-0.2599359684255944
2108	70-74	-0.2148039329100584
2108	75-79	-0.11725684139474168
2108	80-84	0.27297945886556363
2108	85-89	0.038328366414788206
2108	90-94	0.0417677866416426
2108	95-99	-0.2355709757179909
2108	100-104	-0.44219111250685117
2108	105-109	-1.0049749282359812
2108	110-114	-0.2554155364188375
2108	115-119	0.10980140803508931
2108	120-124	0.029476858596527933
2108	125-129	-0.19914408314475907
2108	130-134	-0.08232341987687164
2108	135-139	-0.2881308402172742
2108	140-144	-0.016499890994015942
2108	145-149	0.10461131002546509
2108	150-151	0.14666656541856682
2109	1	-0.09994699775559113
2109	2	-0.17403901847567127
2109	3	-0.7823246983483791
2109	4	-0.42651655170034175
2109	5	-0.34886042439655895
2109	6	-0.5198832571852314
2109	7	-0.6241526601502265
2109	8	0.437779533486097
2109	9	-0.29367149154914785
2109	10-14	-0.57757304582411
2109	15-19	-0.59507351143737
2109	20-24	-0.017203631730986046
2109	25-29	-0.5827791985405568
2109	30-34	-0.46952614877664445
2109	35-39	-0.5048597270771182
2109	40-44	-0.6315439990642275
2109	45-49	-0.1759482961372072
2109	50-54	-0.39218935247441067
2109	55-59	-1.0473855793390001
2109	60-64	-0.5311609717945132
2109	65-69	-0.5710917994921587
2109	70-74	-1.0959867779301433
2109	75-79	-0.5269278677254405
2109	80-84	-0.36719273559856447
2109	85-89	-0.7123210246314997
2109	90-94	-0.20788568131479934
2109	95-99	-0.3581628727239661
2109	100-104	-0.6070940403381151
2109	105-109	-0.8290355394246554
2109	110-114	-0.5698112456231677
2109	115-119	-0.2204350269016011
2109	120-124	-0.2853099883712247
2109	125-129	-0.5648590978009729
2109	130-134	-0.3487804974188293
2109	135-139	-0.4188215349651614
2109	140-144	-0.2832143088250092
2109	145-149	-0.30227992636711676
2109	150-151	-0.441638707492622
2110	1	-0.2864313644298271
2110	2	-0.4338760165964395
2110	3	-0.09291922173272837
2110	4	-0.038841082495199686
2110	5	6.581801730121128E-5
2110	6	0.07085288163848702
2110	7	0.740893300106336
2110	8	0.20180907322383845
2110	9	0.5309525584421131
2110	10-14	0.14788133986409235
2110	15-19	-0.7942532129442696
2110	20-24	-0.6023306175912495
2110	25-29	-2.3283045148529737
2110	30-34	-2.591348274713134
2110	35-39	-2.2769545263485504
2110	40-44	-3.3691315119583862
2110	45-49	-0.3848768588712659
2110	50-54	-0.26845370207734476
2110	55-59	-0.4295626221625142
2110	60-64	-0.11898266933933854
2110	65-69	-0.6460688138281299
2110	70-74	-0.7223475984833598
2110	75-79	-0.4309806917053791
2110	80-84	-0.33841098378045587
2110	85-89	-1.0288350338204921
2110	90-94	-0.2911929064157448
2110	95-99	-0.2070133705524313
2110	100-104	-0.1485380787625452
2110	105-109	-0.1959165168977357
2110	110-114	-0.405697546307227
2110	115-119	-1.136294999619473
2110	120-124	-0.8541988847218214
2110	125-129	-0.6490616294661855
2110	130-134	-0.32120267494881816
2110	135-139	-0.20547587719802962
2110	140-144	-0.6006088829328711
2110	145-149	-0.585155471118135
2110	150-151	-0.5374876861257256
2111	1	-0.25876864332764526
2111	2	-0.39903136354669044
2111	3	-0.3818922644069751
2111	4	-0.4928328339416943
2111	5	-0.3823266904398217
2111	6	0.3398146081120288
2111	7	-1.5318390970802014
2111	8	-1.5009438459310296
2111	9	-0.8606764001716947
2111	10-14	-0.37223506399428175
2111	15-19	-0.4321121720253842
2111	20-24	-1.8588447957955623
2111	25-29	-0.5643751973040594
2111	30-34	-1.126913987351685
2111	35-39	-1.5154682316433892
2111	40-44	-0.8168027208844677
2111	45-49	-0.7980818022061413
2111	50-54	-0.5969721178168044
2111	55-59	-0.1562920711151108
2111	60-64	-0.22672646577388633
2111	65-69	-0.5787074432546078
2111	70-74	-0.35168901959825405
2111	75-79	-1.4257171879997692
2111	80-84	-0.5986854458764341
2111	85-89	-0.47739312968437986
2111	90-94	-0.5406112510778982
2111	95-99	-0.26228639535952425
2111	100-104	-0.4263810585763288
2111	105-109	-0.8013621494230634
2111	110-114	-0.8145462293343897
2111	115-119	-1.6402418501876141
2111	120-124	-2.322371909705698
2111	125-129	-0.8267662841139582
2111	130-134	-0.8018321301882239
2111	135-139	-0.7730426744298882
2111	140-144	-1.093061307456182
2111	145-149	-1.433187234980263
2111	150-151	-0.9386114641362262
2112	1	-0.41746626149383204
2112	2	-0.24719783325879874
2112	3	-0.5079312355817365
2112	4	-0.34697606663418057
2112	5	-0.3436573109533647
2112	6	-0.14395844483586728
2112	7	-0.4922363513701846
2112	8	-0.5725093782716932
2112	9	0.4633684388390087
2112	10-14	-0.39734997079052903
2112	15-19	-0.3353241908327078
2112	20-24	-0.5026848594598619
2112	25-29	-0.48835368814426516
2112	30-34	-0.5932399045379384
2112	35-39	-0.5167526235509143
2112	40-44	-0.575124031917646
2112	45-49	-0.5784491611591562
2112	50-54	-0.5534033080179555
2112	55-59	-0.36033266693896593
2112	60-64	-0.33071263363157044
2112	65-69	-0.7526317156925018
2112	70-74	-0.9560327480543265
2112	75-79	-1.210533091745571
2112	80-84	-0.9074636627153865
2112	85-89	-0.9236639960395365
2112	90-94	-1.6533129150699963
2112	95-99	-1.2791796905238257
2112	100-104	-1.4091965207903243
2112	105-109	-0.8641255029649315
2112	110-114	-0.7490127513698788
2112	115-119	-1.0717309393952874
2112	120-124	-1.2633218547533858
2112	125-129	-0.8706665172436807
2112	130-134	-0.9073110394511836
2112	135-139	-1.2480266591657596
2112	140-144	-1.0241796152260427
2112	145-149	-1.3246058066356987
2112	150-151	-1.4450150663454728
2113	1	-0.11532230261715526
2113	2	-0.2594577844884256
2113	3	-0.0010818894104822618
2113	4	-0.41361339337599645
2113	5	-0.21569127916937347
2113	6	-0.18546813155207076
2113	7	-0.2823661408038767
2113	8	0.5570741966177728
2113	9	-0.16133261179771807
2113	10-14	-0.2133561359589251
2113	15-19	-0.1976712536362868
2113	20-24	0.42190368782787147
2113	25-29	0.27569973221486777
2113	30-34	0.4250084565384
2113	35-39	0.45250878838229625
2113	40-44	0.22003531491282757
2113	45-49	0.027167203203617873
2113	50-54	0.02801876333501241
2113	55-59	-0.30467714812861857
2113	60-64	5.897530833109954E-4
2113	65-69	-0.22167393392362555
2113	70-74	-0.31993615878541704
2113	75-79	-0.3008406138694042
2113	80-84	-0.25146839093266493
2113	85-89	-0.23488312188683125
2113	90-94	-0.23275495340575958
2113	95-99	-0.5083352429621506
2113	100-104	-0.48142329080600277
2113	105-109	0.03461712211265322
2113	110-114	-0.20422630266633135
2113	115-119	-0.22281066048939735
2113	120-124	-0.1870421498899546
2113	125-129	-0.5647511792052953
2113	130-134	-0.42770478859646843
2113	135-139	-0.666317956072465
2113	140-144	-0.4857484577775004
2113	145-149	-0.3859124655811108
2113	150-151	-0.6158322452015774
2114	1	-0.28594882468449967
2114	2	-0.24134169958972507
2114	3	-0.5245055650910366
2114	4	-0.3232501294797103
2114	5	-0.416490754344057
2114	6	-1.9341170153788312
2114	7	-0.06192609627600021
2114	8	-2.9608746812562643
2114	9	-1.9775917603158497
2114	10-14	-1.2097633555866736
2114	15-19	-0.8851034087225003
2114	20-24	-2.1072338803298436
2114	25-29	-0.911038381015004
2114	30-34	-1.945666019062834
2114	35-39	-2.630822724583659
2114	40-44	-0.6902123401050986
2114	45-49	-0.8988162746622876
2114	50-54	-0.9285095553100717
2114	55-59	-0.37143228424560704
2114	60-64	-0.5977491686983925
2114	65-69	-0.7012689999421795
2114	70-74	-1.18890229011172
2114	75-79	-1.9658816141262143
2114	80-84	-1.9815840395226232
2114	85-89	-1.878655760976656
2114	90-94	-2.5284868990642764
2114	95-99	-1.7578209504632056
2114	100-104	-1.905317372747561
2114	105-109	-1.37712528613433
2114	110-114	-0.4886058631942163
2114	115-119	-0.8030282099544017
2114	120-124	-1.024450169539616
2114	125-129	-0.7375464711248902
2114	130-134	-1.6515227689783742
2114	135-139	-2.0076016477306844
2114	140-144	-1.567063260645913
2114	145-149	-2.4027650770610443
2114	150-151	-0.9767690694493929
>>END_MODULE
>>Per sequence quality scores	pass
#Quality	Count
2	1732.0
3	0.0
4	0.0
5	0.0
6	0.0
7	0.0
8	0.0
9	0.0
10	0.0
11	0.0
12	0.0
13	3.0
14	125.0
15	1051.0
16	2939.0
17	4516.0
18	6780.0
19	9088.0
20	12005.0
21	15726.0
22	19707.0
23	23760.0
24	27663.0
25	32064.0
26	36449.0
27	41351.0
28	46627.0
29	52463.0
30	59119.0
31	67354.0
32	77912.0
33	90348.0
34	109771.0
35	140308.0
36	195720.0
37	203021.0
38	5036.0
>>END_MODULE
>>Per base sequence content	warn
#Base	G	A	T	C
1	48.867598403005374	13.050762507162899	5.971788718297829	32.1098503715339
2	31.509494061234783	14.382163874632486	24.45636135672719	29.65198070740554
3	28.323155641397573	16.677258128231113	16.927705858197246	38.07188037217407
4	37.334667805443964	20.195861366876258	13.22392119328038	29.245549634399403
5	33.85939327319881	21.954850707233785	15.223365336722603	28.962390682844795
6	31.247726218785765	23.688779660646446	14.425960999480056	30.637533121087728
7	28.73372441069056	16.4727154061266	25.17998978847784	29.613570394704997
8	26.256415380988145	16.00601449286677	19.634617996949036	38.102952129196055
9	31.71817447962614	15.87196874712118	19.014822321075865	33.395034452176816
10-14	32.77773700802401	17.48065822160252	16.43403965630577	33.3075651140677
15-19	32.43477663466328	17.57901048164346	16.849667344832486	33.13654553886077
20-24	32.19485270581916	17.221716503787164	17.566831602006705	33.01659918838697
25-29	32.673529517388474	17.50809192868173	17.20796061537693	32.610417938552864
30-34	32.687410317384725	17.264280126722802	17.167317508076316	32.88099204781616
35-39	32.404262543650496	17.28347183518098	17.33905895796089	32.973206663207634
40-44	32.730442041939696	17.362506282668903	17.226230015641207	32.680821659750194
45-49	32.68915204215628	17.245299658647937	17.193408885672653	32.87213941352313
50-54	32.50072550076799	17.246709299406916	17.33833169785366	32.91423350197144
55-59	32.7969090349028	17.298163871604373	17.200349912278455	32.704577181214376
60-64	32.755438107800785	17.13164158603592	17.209671847796276	32.90324845836701
65-69	32.55920295761362	17.23799322113543	17.330079166754825	32.872724654496125
70-74	32.68024907023265	17.31704171587349	17.233990843173906	32.76871837071996
75-79	32.717542004894625	17.17900346142058	17.130111273466543	32.97334326021825
80-84	32.55944994848499	17.261497656063156	17.28086071680709	32.898191678644764
85-89	32.76513217184749	17.208933202038285	17.198703878920785	32.82723074719344
90-94	32.78291687552693	17.048506035933713	17.186979784480442	32.981597304058916
95-99	32.677283536577434	17.12402009631871	17.252581638042507	32.94611472906135
100-104	32.79191797138709	17.12586961112224	17.22494716437192	32.85726525311874
105-109	32.8917128520975	16.96935921369201	17.157244750684562	32.98168318352593
110-114	32.72468808403251	17.094130061253985	17.249035921859043	32.93214593285446
115-119	32.89270731853463	17.03621329135784	17.22595469904956	32.84512469105797
120-124	32.93422615230696	16.912300742651304	17.127772015472836	33.0257010895689
125-129	32.828075229700964	17.017890359157832	17.224342065305084	32.929692345836116
130-134	32.910280468595786	16.962145110959693	17.25989135136896	32.86768306907556
135-139	33.05706669981042	16.856089829939336	17.09418111674453	32.992662353505715
140-144	32.90646638592929	16.909540372399384	17.22189995073097	32.96209329094035
145-149	33.02817774665558	16.69121186922841	17.271142427823246	33.00946795629277
150-151	35.69695520299876	6.88663949270591	18.54259355052134	38.87381175377399
>>END_MODULE
>>Per sequence GC content	warn
#GC Content	Count
0	1732.0
1	866.0
2	0.0
3	0.0
4	0.0
5	0.0
6	0.0
7	0.0
8	0.0
9	0.0
10	0.0
11	0.0
12	0.0
13	0.0
14	0.0
15	0.0
16	0.0
17	0.5
18	0.5
19	0.0
20	0.0
21	0.0
22	1.0
23	1.0
24	1.5
25	2.0
26	1.5
27	2.0
28	1.5
29	2.0
30	1.5
31	3.5
32	9.0
33	10.0
34	13.5
35	25.0
36	39.5
37	61.0
38	76.0
39	99.0
40	138.0
41	182.5
42	285.0
43	405.5
44	509.0
45	685.0
46	869.0
47	1144.0
48	1568.5
49	2112.0
50	2909.5
51	4071.5
52	5553.0
53	7557.5
54	10344.0
55	13947.5
56	18531.0
57	24354.0
58	31443.0
59	40028.5
60	50170.0
61	60819.0
62	70865.5
63	79806.0
64	87099.5
65	91764.0
66	93441.5
67	92161.5
68	87672.0
69	80116.0
70	70697.5
71	60490.0
72	49527.5
73	39256.0
74	30486.0
75	22917.5
76	16939.5
77	12402.5
78	9033.0
79	6606.0
80	4886.0
81	3675.5
82	2878.0
83	2280.5
84	1793.0
85	1465.5
86	1175.5
87	970.5
88	805.5
89	607.0
90	469.0
91	346.5
92	248.5
93	191.5
94	154.0
95	107.5
96	66.5
97	40.0
98	23.0
99	15.5
100	13.5
>>END_MODULE
>>Per base N content	pass
#Base	N-Count
1	0.13503420294736318
2	0.13503420294736318
3	0.13503420294736318
4	0.13503420294736318
5	0.13503420294736318
6	0.13503420294736318
7	0.13503420294736318
8	0.13503420294736318
9	0.13503420294736318
10-14	0.13503420294736318
15-19	0.13503420294736318
20-24	0.13503420294736318
25-29	0.13503420294736318
30-34	0.13503420294736318
35-39	0.027044354928115417
40-44	0.0
45-49	0.0
50-54	0.0
55-59	0.0
60-64	0.0
65-69	0.0
70-74	0.0
75-79	0.0
80-84	0.0
85-89	0.0
90-94	0.0
95-99	0.0
100-104	0.0
105-109	0.0
110-114	0.0
115-119	0.0
120-124	0.0
125-129	0.0
130-134	0.0
135-139	0.0
140-144	0.0
145-149	0.0
150-151	0.0
>>END_MODULE
>>Sequence Length Distribution	warn
#Length	Count
35-39	2784.0
40-44	1472.0
45-49	1840.0
50-54	2277.0
55-59	2710.0
60-64	3373.0
65-69	3985.0
70-74	4690.0
75-79	5301.0
80-84	6032.0
85-89	7016.0
90-94	7950.0
95-99	8438.0
100-104	9822.0
105-109	10454.0
110-114	11527.0
115-119	12031.0
120-124	12907.0
125-129	14180.0
130-134	14832.0
135-139	15783.0
140-144	16288.0
145-149	75641.0
150-152	1031305.0
>>END_MODULE
>>Sequence Duplication Levels	pass
#Total Deduplicated Percentage	91.67942345355262
#Duplication Level	Percentage of deduplicated	Percentage of total
1	92.11560078545021	84.45105171087694
2	7.05478337796103	12.935569453623472
3	0.7111800025961292	1.9560171782912754
4	0.08127534671656274	0.2980510771184825
5	0.01746223292128391	0.08004637232174774
6	0.0063524211378851786	0.03494317844732843
7	0.004482845531379645	0.02876892856237544
8	0.0024771602867601347	0.018168370151376498
9	0.0022832606737875965	0.018839521995031524
>10	0.004017445738817075	0.04338164899976369
>50	0.0	0.0
>100	0.0	0.0
>500	0.0	0.0
>1k	8.512098614673878E-5	0.13516255961221832
>5k	0.0	0.0
>10k+	0.0	0.0
>>END_MODULE
>>Overrepresented sequences	warn
#Sequence	Count	Percentage	Possible Source
NNNNNNNNNNNNNNNNNNNNNNNNNNNNNNNNNNN	1732	0.13503420294736318	No Hit
>>END_MODULE
>>Adapter Content	pass
#Position	Illumina Universal Adapter	Illumina Small RNA 3' Adapter	Illumina Small RNA 5' Adapter	Nextera Transposase Sequence	SOLID Small RNA Adapter
1	0.0	0.0	0.0	0.0	0.0
2	0.0	0.0	7.79643204084083E-5	0.0	0.0
3	0.0	0.0	7.79643204084083E-5	0.0	7.79643204084083E-5
4	0.0	0.0	2.3389296122522488E-4	0.0	7.79643204084083E-5
5	0.0	0.0	2.3389296122522488E-4	0.0	7.79643204084083E-5
6	7.79643204084083E-5	0.0	2.3389296122522488E-4	0.0	7.79643204084083E-5
7	7.79643204084083E-5	0.0	3.118572816336332E-4	0.0	7.79643204084083E-5
8	7.79643204084083E-5	0.0	4.6778592245044976E-4	0.0	2.3389296122522488E-4
9	3.898216020420415E-4	0.0	4.6778592245044976E-4	0.0	2.3389296122522488E-4
10-14	4.6778592245044976E-4	4.677859224504498E-5	4.6778592245044976E-4	0.0	3.274501457153149E-4
15-19	4.833787865321314E-4	7.79643204084083E-5	5.45750242858858E-4	0.0	5.613431069405397E-4
20-24	5.769359710222214E-4	7.79643204084083E-5	5.925288351039031E-4	0.0	8.576075244924912E-4
25-29	8.108289322474463E-4	7.79643204084083E-5	6.237145632672664E-4	0.0	9.355718449008995E-4
30-34	0.001340986311024623	7.79643204084083E-5	6.704931555123113E-4	0.0	0.001091500485717716
35-39	0.0023077438840888856	1.559286408168166E-4	0.0011226862138810794	0.0	0.0013721720391879858
40-44	0.004007366068992187	1.559286408168166E-4	0.001325393446942941	0.0	0.0016060650004132108
45-49	0.0062059599045093	1.559286408168166E-4	0.0014189506314330308	0.0	0.0017775865053117092
50-54	0.008498110924516505	2.0270723306186158E-4	0.0014813220877597576	0.0	0.0020582580587819787
55-59	0.011585498012689472	2.3389296122522488E-4	0.0015748792722498476	0.0	0.002432486796742339
60-64	0.015514899761273248	2.650786893885882E-4	0.001871143689801799	0.0	0.0025884154375591553
65-69	0.020333094762512882	3.118572816336332E-4	0.002011479466536934	0.0	0.0027443440783759716
70-74	0.026975654861309272	3.274501457153149E-4	0.002167408107353751	0.0	0.00310297995225465
75-79	0.03483445835847683	4.0541446612372316E-4	0.0023077438840888856	0.0	0.0032745014571531486
80-84	0.044704741322181316	4.6778592245044976E-4	0.0023545224763339306	0.0	0.0034928015542966913
85-89	0.054559431421804125	4.6778592245044976E-4	0.002510451117150747	1.559286408168166E-5	0.003679915923276872
90-94	0.06569273637612483	4.98971650613813E-4	0.0025728225734774736	7.79643204084083E-5	0.003820251700012006
95-99	0.07874396361249238	6.081216991855847E-4	0.0027287512142942904	7.79643204084083E-5	0.003991773204910504
100-104	0.094290049101929	7.32864611839038E-4	0.002900272719192789	7.79643204084083E-5	0.004163294709809004
105-109	0.11084967075667491	8.576075244924912E-4	0.003056201360009605	7.79643204084083E-5	0.004381594806952546
110-114	0.12984177920816314	9.19978980819218E-4	0.003118572816336332	7.79643204084083E-5	0.004584302040014409
115-119	0.15179653183517097	9.355718449008995E-4	0.003180944272663058	7.79643204084083E-5	0.004911752185729722
120-124	0.17557564955973548	9.355718449008995E-4	0.003212130000826422	7.79643204084083E-5	0.0054419095645068995
125-129	0.19344507179734266	9.667575730642628E-4	0.00329009432123483	7.79643204084083E-5	0.00555105961307867
130-134	0.20604410597534142	0.001013536165309308	0.003508394418378373	7.79643204084083E-5	0.005660209661650442
135-139	0.21808179704639968	0.001013536165309308	0.003633137331031827	7.79643204084083E-5	0.005862916894712304
140	0.21923566898844413	0.001091500485717716	0.00366432305919519	7.79643204084083E-5	0.006003252671447439
>>END_MODULE
