##FastQC	0.11.9
>>Basic Statistics	pass
#Measure	Value
Filename	ERR3077933_2.fastq
File type	Conventional base calls
Encoding	Sanger / Illumina 1.9
Total Sequences	1042773
Sequences flagged as poor quality	0
Sequence length	35-151
%GC	65
>>END_MODULE
>>Per base sequence quality	pass
#Base	Mean	Median	Lower Quartile	Upper Quartile	10th Percentile	90th Percentile
1	31.009119913921822	32.0	32.0	33.0	29.0	34.0
2	31.313893819652023	32.0	32.0	33.0	29.0	34.0
3	31.38665366287773	33.0	32.0	33.0	29.0	34.0
4	31.46352370074791	33.0	32.0	33.0	29.0	34.0
5	31.40383765210645	33.0	32.0	33.0	29.0	34.0
6	32.315824249381215	33.0	32.0	37.0	19.0	37.0
7	32.4978120837421	34.0	32.0	37.0	29.0	37.0
8	32.438039726766995	34.0	32.0	37.0	20.0	37.0
9	32.26981039977061	34.0	32.0	37.0	18.0	37.0
10-14	34.0443772518084	35.6	33.8	37.4	30.4	37.4
15-19	35.349342570242996	38.0	36.0	38.0	31.2	38.0
20-24	34.60025106135275	38.0	35.4	38.0	20.0	38.4
25-29	35.218343397844016	38.0	36.0	38.0	30.0	39.0
30-34	34.79587216009621	38.0	35.4	38.0	22.4	39.0
35-39	34.61805507194085	38.0	35.2	38.0	20.0	39.0
40-44	35.11044490500015	38.0	36.0	38.0	29.4	39.0
45-49	35.01472994424172	38.0	36.0	38.0	24.8	39.0
50-54	34.68668735925845	38.0	36.0	38.0	21.6	39.0
55-59	34.83133189358368	38.0	36.0	38.0	26.8	39.0
60-64	34.55688727688357	38.0	35.2	38.0	20.6	39.0
65-69	34.611994206064566	38.0	34.8	38.0	21.0	39.0
70-74	34.18394407253093	38.0	34.0	38.0	16.2	39.0
75-79	33.636982487733704	37.8	33.4	38.0	15.4	39.0
80-84	33.7451360981644	37.8	33.8	38.0	15.8	39.0
85-89	33.423806499368	37.6	33.2	38.0	15.0	39.0
90-94	32.87315214035746	37.0	31.6	38.0	14.0	39.0
95-99	32.94863003580701	37.0	32.0	38.0	14.2	39.0
100-104	32.32239002197345	36.8	30.6	38.0	13.8	39.0
105-109	31.898708967616045	36.4	30.0	38.0	13.6	39.0
110-114	32.15387539729373	37.0	30.8	38.0	13.6	39.0
115-119	31.287066947455127	35.6	27.4	38.0	13.0	38.6
120-124	30.84055754389821	35.0	26.0	38.0	13.0	38.0
125-129	30.805139953546938	35.0	26.0	38.0	13.0	38.0
130-134	30.176153418192875	34.4	25.2	37.2	12.6	38.0
135-139	29.51088455022353	33.2	24.0	37.0	12.0	38.0
140-144	29.133144334759912	33.0	24.0	37.0	12.0	38.0
145-149	28.397458852336587	32.6	22.2	37.0	12.0	37.4
150-151	25.910608040648665	28.0	14.0	35.0	12.0	37.0
>>END_MODULE
>>Per tile sequence quality	pass
#Tile	Base	Mean
1101	1	0.02452709993329094
1101	2	0.4781874049342676
1101	3	0.3059786404563738
1101	4	0.5140523086407534
1101	5	0.499972972847317
1101	6	1.126742339373095
1101	7	1.102750122898584
1101	8	1.1500720931013362
1101	9	1.396637798457391
1101	10-14	0.6406211688401768
1101	15-19	0.7794939872083759
1101	20-24	1.5811115814102124
1101	25-29	1.1139738040564424
1101	30-34	1.4056120767354443
1101	35-39	1.4528010016388109
1101	40-44	0.9159181178855818
1101	45-49	0.779358459675116
1101	50-54	0.9304389889020968
1101	55-59	0.7203870119740898
1101	60-64	0.8358408552044878
1101	65-69	0.5775295710028061
1101	70-74	0.6038270506099153
1101	75-79	0.9627336143077869
1101	80-84	0.7287890201425782
1101	85-89	0.7255943515256078
1101	90-94	0.9150147161744471
1101	95-99	0.5442114793166013
1101	100-104	0.8149718591005666
1101	105-109	0.9487889434057308
1101	110-114	0.5160854419315228
1101	115-119	0.9001268346032454
1101	120-124	0.8443203075411283
1101	125-129	0.4374026805634905
1101	130-134	0.42166777072375083
1101	135-139	0.5480609303488535
1101	140-144	0.438631200410569
1101	145-149	0.4104784871325293
1101	150-151	-0.0791456933580541
1102	1	0.27359755916559436
1102	2	0.24366545547466956
1102	3	0.2918103558848024
1102	4	0.2844859913853952
1102	5	0.2129501144129442
1102	6	-0.4628736591444671
1102	7	0.7104988696364529
1102	8	-0.07278437592122344
1102	9	-0.30338346944660444
1102	10-14	0.011798245549222486
1102	15-19	0.25321521061121643
1102	20-24	-0.09395228547376178
1102	25-29	0.5948131773341316
1102	30-34	0.01635549877628506
1102	35-39	-0.01939907348746317
1102	40-44	0.4273257680593261
1102	45-49	-0.12669881862592547
1102	50-54	-0.27459867598495435
1102	55-59	0.3202393097060252
1102	60-64	-0.016717590514595315
1102	65-69	0.3271165596436916
1102	70-74	0.36216126730166565
1102	75-79	-0.00999526759926539
1102	80-84	0.3423600595064542
1102	85-89	0.3068991997004602
1102	90-94	0.15642928172339055
1102	95-99	0.4256340509035539
1102	100-104	0.28706107275846193
1102	105-109	-0.5121243400059967
1102	110-114	0.3563282252902198
1102	115-119	0.19976121517930778
1102	120-124	-0.03382962519474475
1102	125-129	0.3396277092100206
1102	130-134	0.33633195427928797
1102	135-139	0.5748212076848347
1102	140-144	0.56192229700304
1102	145-149	0.15888025295798158
1102	150-151	0.15094942840459424
1103	1	-0.0025305707841916103
1103	2	0.15302076164526213
1103	3	0.12808238769823532
1103	4	0.21521426287799628
1103	5	0.16794118373522338
1103	6	0.9981414050553141
1103	7	-2.0921516881096487
1103	8	-1.8521620930377978
1103	9	-1.5246351123542965
1103	10-14	0.3743972412692358
1103	15-19	0.09470663379052979
1103	20-24	-1.7749456127409786
1103	25-29	0.5473946487054064
1103	30-34	-0.20134628398918153
1103	35-39	-1.1460725103515443
1103	40-44	0.7507809953022289
1103	45-49	-0.5929863474027357
1103	50-54	-0.9884407619228455
1103	55-59	0.4937287480493069
1103	60-64	-0.5933035218144198
1103	65-69	0.47046955632141874
1103	70-74	0.6587079855318265
1103	75-79	-1.148302841507494
1103	80-84	-0.0840094826395088
1103	85-89	-0.018129887409699563
1103	90-94	-0.5836099701514854
1103	95-99	0.5746342096829054
1103	100-104	-0.22484924698314757
1103	105-109	-1.662661275485494
1103	110-114	0.27847654093212526
1103	115-119	-0.20258814243310397
1103	120-124	0.2248737277610644
1103	125-129	0.7056608850208619
1103	130-134	0.143479091306574
1103	135-139	-0.011105085840828366
1103	140-144	0.5655816839084267
1103	145-149	-0.1867189807209897
1103	150-151	0.6704988742158235
1104	1	0.3052895953815664
1104	2	0.4217752779295729
1104	3	0.08986387269160545
1104	4	0.5229207889995706
1104	5	0.38323462075742043
1104	6	0.6130007761986676
1104	7	0.7820954116959058
1104	8	0.9467074537757583
1104	9	1.4120925122839836
1104	10-14	0.7109389094715794
1104	15-19	0.6925394036702812
1104	20-24	1.3735302425190241
1104	25-29	0.8683973950530088
1104	30-34	1.0853675754054066
1104	35-39	1.187132148642526
1104	40-44	0.7238526080399268
1104	45-49	0.6085477232906484
1104	50-54	0.8069912479314709
1104	55-59	0.36221579970484186
1104	60-64	0.6749218298618374
1104	65-69	0.39556096701299026
1104	70-74	0.22881724394554226
1104	75-79	0.6985493980367892
1104	80-84	0.44068649526889203
1104	85-89	0.4892709023716222
1104	90-94	0.7888826323347402
1104	95-99	0.3917970930872414
1104	100-104	0.3469716842921571
1104	105-109	0.23769531526883725
1104	110-114	0.39449744849817137
1104	115-119	1.0227897024209902
1104	120-124	0.9977329786610589
1104	125-129	0.7330813061135011
1104	130-134	0.8407798610388824
1104	135-139	1.0131514563301671
1104	140-144	0.8632523340233789
1104	145-149	1.1399472149095757
1104	150-151	1.0723508184598458
1105	1	0.4058859189539561
1105	2	0.3944326512418641
1105	3	0.32767014424458907
1105	4	0.3138642982637023
1105	5	0.328532124994954
1105	6	-0.4560482623190687
1105	7	-0.6938926647550829
1105	8	0.712652132015279
1105	9	-0.1414787075418431
1105	10-14	0.13576914502012016
1105	15-19	0.5042416656376716
1105	20-24	1.4235635875421053
1105	25-29	0.6302867223076731
1105	30-34	0.9266041760249664
1105	35-39	1.5242027456260558
1105	40-44	0.8284862504405766
1105	45-49	0.9107719801586001
1105	50-54	0.9701104153153537
1105	55-59	0.5005051576154571
1105	60-64	0.8927089089342317
1105	65-69	0.8499207381936813
1105	70-74	0.7673561010587235
1105	75-79	1.194010829479211
1105	80-84	0.941204948882671
1105	85-89	1.1316160684752319
1105	90-94	1.3588376944623448
1105	95-99	0.9360531258739897
1105	100-104	1.3406287270196557
1105	105-109	1.1738977719215455
1105	110-114	0.8678883340766959
1105	115-119	1.1198228896173283
1105	120-124	1.1544161202584107
1105	125-129	0.7342606614458909
1105	130-134	1.1379070969877247
1105	135-139	1.0526610774223357
1105	140-144	0.9733948801281151
1105	145-149	1.255068310927605
1105	150-151	0.4834121732490786
1106	1	0.3868020318139287
1106	2	0.34198599157065246
1106	3	0.4165406700694696
1106	4	0.3191245874090889
1106	5	0.23636295162431153
1106	6	-0.4946013694660927
1106	7	0.7372650827090652
1106	8	0.2807100193884864
1106	9	-0.3750510521844923
1106	10-14	0.3923697629518017
1106	15-19	0.5430265554592779
1106	20-24	0.9956999405792999
1106	25-29	0.8214819537405731
1106	30-34	0.755984961847517
1106	35-39	0.8292540015828891
1106	40-44	0.4665874517621731
1106	45-49	0.4657087036793399
1106	50-54	0.38770696013084915
1106	55-59	0.3778760730977879
1106	60-64	0.3165548488216956
1106	65-69	0.40098421518420224
1106	70-74	0.40258651776589005
1106	75-79	0.5708389118092896
1106	80-84	0.4143034607793581
1106	85-89	0.5008186586242118
1106	90-94	0.6263144374671796
1106	95-99	0.5720755202389327
1106	100-104	0.9629139476057489
1106	105-109	0.6950635845886524
1106	110-114	0.5803913935993634
1106	115-119	0.6973271653435411
1106	120-124	0.7216985555062756
1106	125-129	0.6113856757117375
1106	130-134	1.0234898356141393
1106	135-139	0.9138392788407543
1106	140-144	0.9982836369219577
1106	145-149	0.9331075193936798
1106	150-151	0.8320713273427458
1107	1	0.45847121787102907
1107	2	0.22385632725432458
1107	3	0.2035717167115827
1107	4	0.31257776807530036
1107	5	0.31030708419982034
1107	6	0.9919920877773549
1107	7	0.8527205973721976
1107	8	0.7933185761630313
1107	9	0.9369443750868456
1107	10-14	0.2310184403768929
1107	15-19	0.31239386857491525
1107	20-24	1.2159409054474608
1107	25-29	0.11229525219938097
1107	30-34	0.8042613485513002
1107	35-39	1.0651339613128101
1107	40-44	0.5401820324802102
1107	45-49	0.7123842802269067
1107	50-54	0.7565014303682815
1107	55-59	-0.306677623476979
1107	60-64	0.5258304053545899
1107	65-69	0.5096095301680279
1107	70-74	0.4874493833789799
1107	75-79	1.1190938474425849
1107	80-84	0.7256854856878476
1107	85-89	0.6300084075531842
1107	90-94	1.1545330805988883
1107	95-99	0.2851184069980093
1107	100-104	0.6657886269587721
1107	105-109	0.7325788655437222
1107	110-114	0.7946118566402873
1107	115-119	1.3296669319833434
1107	120-124	1.101096673342326
1107	125-129	0.5330021464122048
1107	130-134	1.1554442632039112
1107	135-139	1.1254661952789498
1107	140-144	0.855851156280508
1107	145-149	1.4337088289924047
1107	150-151	0.9677050594416983
1108	1	0.3761309475725909
1108	2	0.3521428654390668
1108	3	0.36175685575695127
1108	4	0.5310291356980557
1108	5	0.29596677419540285
1108	6	0.4672349146444077
1108	7	0.3538998648961851
1108	8	0.5286554069311933
1108	9	1.250310399674774
1108	10-14	0.37827510477701054
1108	15-19	0.3941949317024509
1108	20-24	0.7934136199962296
1108	25-29	0.3958615438099997
1108	30-34	0.7642798118307113
1108	35-39	0.7402863989033222
1108	40-44	0.3812472442275947
1108	45-49	0.5451673627854277
1108	50-54	0.4952078627169385
1108	55-59	0.4419250274177884
1108	60-64	0.5443377054014178
1108	65-69	0.5998400214501913
1108	70-74	0.6488526429438863
1108	75-79	0.9047703440458648
1108	80-84	0.786573951381925
1108	85-89	0.7197971108224408
1108	90-94	0.9082080557822181
1108	95-99	0.7460402137915239
1108	100-104	0.6239153922166238
1108	105-109	0.054503146159646576
1108	110-114	0.4252224381165206
1108	115-119	0.9326639220666415
1108	120-124	1.013433846276854
1108	125-129	0.9018584612367242
1108	130-134	0.6751478609303305
1108	135-139	0.48023292374638515
1108	140-144	1.022569897441688
1108	145-149	1.13512549338747
1108	150-151	0.45572163539547006
1109	1	0.29370254778813276
1109	2	0.29986568773566447
1109	3	0.15703703208581032
1109	4	0.19033991085900936
1109	5	0.24897592919727174
1109	6	-0.33924830888213364
1109	7	0.1624963696433781
1109	8	0.9595278959405462
1109	9	0.24903697839029348
1109	10-14	0.06190356676507491
1109	15-19	0.04530295427046127
1109	20-24	0.5981235956906445
1109	25-29	-0.5026205880933574
1109	30-34	0.21790543904807436
1109	35-39	-0.015756146159937146
1109	40-44	-0.09507833616943628
1109	45-49	0.4040910036558216
1109	50-54	0.06441634116315953
1109	55-59	-0.2782207571942692
1109	60-64	0.21496434727579583
1109	65-69	0.2269008099569163
1109	70-74	-0.14623319680225677
1109	75-79	0.4056002727005321
1109	80-84	0.19525216842627913
1109	85-89	0.3134788263244701
1109	90-94	0.6042371313399926
1109	95-99	0.2862467804069482
1109	100-104	0.5463108490956827
1109	105-109	0.43587664958293715
1109	110-114	0.348981816460757
1109	115-119	0.48982515011374517
1109	120-124	0.5885297715631665
1109	125-129	0.4208905436605157
1109	130-134	0.4708288104866405
1109	135-139	0.39530988878246376
1109	140-144	0.773277136074821
1109	145-149	0.8614393447687299
1109	150-151	0.3492375099976428
1110	1	0.4018860826590469
1110	2	0.47893617834249724
1110	3	0.4146657837362113
1110	4	0.31400322435829153
1110	5	0.25152718407760943
1110	6	0.6934555624271894
1110	7	0.7804782612204519
1110	8	0.9320000648664291
1110	9	0.9370000256783868
1110	10-14	0.5324124018585294
1110	15-19	0.27260009049702916
1110	20-24	0.6182810771989153
1110	25-29	-0.7038481260418905
1110	30-34	0.269665729139831
1110	35-39	0.39329581317626605
1110	40-44	-0.21790037243799532
1110	45-49	0.36309976218482376
1110	50-54	0.21083763795120092
1110	55-59	-0.031101125471998614
1110	60-64	0.34368643788619835
1110	65-69	0.23020578623800958
1110	70-74	0.10449305317012403
1110	75-79	0.5464817154393984
1110	80-84	0.3200661947204466
1110	85-89	0.15818311342729174
1110	90-94	0.6289154083641577
1110	95-99	0.42049047744279733
1110	100-104	0.6209683427599089
1110	105-109	1.0451191328285887
1110	110-114	0.46656233545385817
1110	115-119	0.647522039481693
1110	120-124	0.8016912098026339
1110	125-129	0.2290396888142574
1110	130-134	0.4881350563863549
1110	135-139	0.441728244818389
1110	140-144	0.4210470775801767
1110	145-149	1.0099073330704407
1110	150-151	0.6662931727433374
1111	1	0.31394075131821353
1111	2	0.3975859099418564
1111	3	0.2157786374032007
1111	4	0.14997172109918822
1111	5	0.21668639616276408
1111	6	1.1168280141135725
1111	7	-0.32133690670596593
1111	8	-0.2479685830762719
1111	9	-0.2584896132666259
1111	10-14	0.5019298525904858
1111	15-19	0.44610940841299396
1111	20-24	0.1914975601765434
1111	25-29	0.6653558738596459
1111	30-34	0.7944106789611212
1111	35-39	0.48019902594289476
1111	40-44	0.7584677389154848
1111	45-49	0.6173001774524636
1111	50-54	0.5185317559060465
1111	55-59	0.5331442674531459
1111	60-64	0.3347154944236266
1111	65-69	0.27720517405225564
1111	70-74	0.5703701473583038
1111	75-79	0.010908923073287724
1111	80-84	0.48196109967776835
1111	85-89	0.5649369522407142
1111	90-94	0.23145693345092866
1111	95-99	0.6206484162802397
1111	100-104	0.5525880977804007
1111	105-109	0.6011621235292139
1111	110-114	0.5359120119638234
1111	115-119	0.5923175505398
1111	120-124	0.7805290492594956
1111	125-129	0.8072761144314917
1111	130-134	0.5820983002224729
1111	135-139	0.8443491791482209
1111	140-144	0.7937043818938392
1111	145-149	0.7494725733882319
1111	150-151	0.8279494737282533
1112	1	0.3966165633480365
1112	2	0.2032033219377425
1112	3	0.22495175536969114
1112	4	0.2406689794243384
1112	5	0.17797545021390349
1112	6	0.6026428034634108
1112	7	0.4114342889929219
1112	8	0.6110440148323733
1112	9	1.2427667945706986
1112	10-14	0.22899068171672354
1112	15-19	0.4313970421171405
1112	20-24	0.5858329431480271
1112	25-29	0.5702296557976965
1112	30-34	0.7089258134518701
1112	35-39	0.4169274451448075
1112	40-44	0.5050591360413037
1112	45-49	0.3520272404439524
1112	50-54	0.25109140722928913
1112	55-59	0.3261669661811908
1112	60-64	0.11379461884814646
1112	65-69	0.12619030999392322
1112	70-74	0.2199124490968103
1112	75-79	0.17854401519550578
1112	80-84	0.05285546458974011
1112	85-89	0.4442681586536068
1112	90-94	0.4117219320683958
1112	95-99	0.45839913566327795
1112	100-104	0.3168113686219485
1112	105-109	0.7281673583930584
1112	110-114	0.3803819098383343
1112	115-119	0.5583717412280969
1112	120-124	0.782897004783635
1112	125-129	0.41208547996265565
1112	130-134	0.5498571771431955
1112	135-139	0.7381503382931953
1112	140-144	0.525327352888862
1112	145-149	0.6988892197866434
1112	150-151	0.1027879764534596
1113	1	0.3888069158333387
1113	2	0.27657084586524405
1113	3	0.37556508827390545
1113	4	0.272474550489644
1113	5	0.44192801379795554
1113	6	0.4451272651795719
1113	7	0.3520886115482753
1113	8	0.9833270010352919
1113	9	0.6225869685439349
1113	10-14	0.31445704046517164
1113	15-19	0.31796854015454556
1113	20-24	1.283310202103074
1113	25-29	0.8724043180017915
1113	30-34	1.0484720508567662
1113	35-39	1.1533449812713314
1113	40-44	0.7042029980466111
1113	45-49	0.5420661545422902
1113	50-54	0.5300425489293943
1113	55-59	0.5327530671698568
1113	60-64	0.37499963015834226
1113	65-69	0.41537619719212415
1113	70-74	0.5945583784988884
1113	75-79	1.0644668637353476
1113	80-84	0.7501873579562783
1113	85-89	0.8224881924248493
1113	90-94	0.9904121205312961
1113	95-99	0.679668089236003
1113	100-104	1.0405274415288517
1113	105-109	1.1022095089320203
1113	110-114	0.5414672336008195
1113	115-119	1.0291479687953604
1113	120-124	1.009088971004335
1113	125-129	0.7061027336052845
1113	130-134	0.7261208577938625
1113	135-139	0.9062963800989117
1113	140-144	0.8131872962913604
1113	145-149	1.0327567199628618
1113	150-151	0.7185657370355045
1114	1	0.18936398213423544
1114	2	0.014334019495034767
1114	3	0.10508270475271786
1114	4	-0.029288210200441256
1114	5	0.12509204552994646
1114	6	-2.273710759870763
1114	7	0.3867553668070798
1114	8	-1.1643274281290985
1114	9	-0.9027884811784865
1114	10-14	-0.1478917156642794
1114	15-19	0.007775788024979136
1114	20-24	-0.594625379692566
1114	25-29	0.428199940360777
1114	30-34	-0.9994096184292687
1114	35-39	-0.7675598777014301
1114	40-44	0.23693800599868098
1114	45-49	-0.0572862779020582
1114	50-54	-0.033518748778412544
1114	55-59	0.4658399302840621
1114	60-64	-0.037562243908745074
1114	65-69	0.26213257790792
1114	70-74	0.5272852636952479
1114	75-79	0.015538938443718564
1114	80-84	-0.029970632947602383
1114	85-89	0.07342505273457789
1114	90-94	0.057610825917535635
1114	95-99	0.331442643052803
1114	100-104	0.3583381019130272
1114	105-109	0.6147563670026699
1114	110-114	0.44574492044456093
1114	115-119	0.5099603451135479
1114	120-124	0.26451665426220927
1114	125-129	0.7695428334043122
1114	130-134	0.24856204764857637
1114	135-139	0.30608262944033626
1114	140-144	0.5066340311978941
1114	145-149	0.42797450465301523
1114	150-151	0.2946016831569409
2101	1	-1.2528770320999918
2101	2	-0.6261622040636006
2101	3	-0.27456368926737795
2101	4	-0.28439490145048296
2101	5	-0.09770760347949903
2101	6	0.6915794618681375
2101	7	0.5509197682567049
2101	8	0.7753450580602959
2101	9	1.0069850295071063
2101	10-14	0.12109408249778397
2101	15-19	0.26376149414785033
2101	20-24	-1.183966065905551
2101	25-29	0.10598893738448822
2101	30-34	0.7026359730953473
2101	35-39	0.7686423178140416
2101	40-44	-0.04265267149891372
2101	45-49	-0.13465958641949527
2101	50-54	0.06504831607159645
2101	55-59	-0.042299304348880185
2101	60-64	-0.03218735192741207
2101	65-69	-0.19355296369979413
2101	70-74	-0.10309042028468696
2101	75-79	0.13027346985819577
2101	80-84	-0.11334721977442541
2101	85-89	-0.1645876808172062
2101	90-94	-0.008478754795852694
2101	95-99	-0.29919650582129975
2101	100-104	-0.13229140709311338
2101	105-109	-0.01601227254663229
2101	110-114	-0.7386901310682035
2101	115-119	-0.2865049889809015
2101	120-124	-0.4190631717566191
2101	125-129	-0.8446997873351734
2101	130-134	-0.8322625640542078
2101	135-139	-0.4205726180170615
2101	140-144	-0.6341395178102545
2101	145-149	-0.8198544151248868
2101	150-151	-0.8661671576038117
2102	1	-0.666601830647906
2102	2	-0.6219050922347975
2102	3	-0.365505465212717
2102	4	-0.18717912939769832
2102	5	-0.560530107027585
2102	6	-1.2870209439312212
2102	7	-0.08743547989657685
2102	8	-1.1669059348718918
2102	9	-0.9413562035604635
2102	10-14	-0.6653264693373444
2102	15-19	-0.4398288966556052
2102	20-24	-0.9744878028780875
2102	25-29	-0.3009948530935276
2102	30-34	-0.6140939741649163
2102	35-39	-0.5732551945006747
2102	40-44	-0.2861096230162161
2102	45-49	-0.9479770619847017
2102	50-54	-0.9165949948817982
2102	55-59	-0.3835025553675422
2102	60-64	-0.8386656011347853
2102	65-69	-0.5887501583427124
2102	70-74	-0.45606488973628956
2102	75-79	-0.5466806432358524
2102	80-84	-0.5635063092803065
2102	85-89	-0.5204608921213278
2102	90-94	-0.6444219867395162
2102	95-99	-0.4831292057263781
2102	100-104	-0.7238744964519128
2102	105-109	-0.6879788225910097
2102	110-114	-0.45871758960767295
2102	115-119	-0.6612553574482583
2102	120-124	-0.8630494337830186
2102	125-129	-0.8088439010501887
2102	130-134	-1.0772907494135495
2102	135-139	-0.7336384362944379
2102	140-144	-0.6835332852292559
2102	145-149	-0.8543679879675281
2102	150-151	-0.6205930218516542
2103	1	-0.2922733070975383
2103	2	-0.6886891382416493
2103	3	-0.5095484199346068
2103	4	-0.518268029496955
2103	5	-0.3966805084846996
2103	6	0.3588342133199234
2103	7	-2.1970550818653827
2103	8	-2.4951177848615274
2103	9	-2.5894270902198393
2103	10-14	-0.9042238346505016
2103	15-19	-0.5095364234629187
2103	20-24	-2.3571628686703434
2103	25-29	-0.16936928155272568
2103	30-34	-0.9915357635784119
2103	35-39	-2.0426218646732224
2103	40-44	-0.025219383556091657
2103	45-49	-1.0677804640672193
2103	50-54	-1.4265525902099583
2103	55-59	0.09458417977730704
2103	60-64	-1.4268017273491225
2103	65-69	-0.3986815291085293
2103	70-74	-0.1307813608492978
2103	75-79	-1.8692296962397208
2103	80-84	-1.1015771809621029
2103	85-89	-1.0671682563052727
2103	90-94	-2.2232148301765022
2103	95-99	-0.6721499556053843
2103	100-104	-1.3938938707213886
2103	105-109	-1.9961022213908564
2103	110-114	-0.5466736097723235
2103	115-119	-1.61142029338032
2103	120-124	-1.0031297200682872
2103	125-129	-0.30740636580075176
2103	130-134	-1.168109556928755
2103	135-139	-1.3565649791637995
2103	140-144	-0.5575137623436639
2103	145-149	-1.873565138068642
2103	150-151	-0.348717953748956
2104	1	-0.24550296993493248
2104	2	-0.21890068209146918
2104	3	-0.052885411310967356
2104	4	-0.08502459062518852
2104	5	-0.2259123194494883
2104	6	0.17422951545870546
2104	7	0.2711073352449205
2104	8	0.4315410209041701
2104	9	0.8365768480137135
2104	10-14	-0.02823085497987421
2104	15-19	-0.13725833436232904
2104	20-24	0.1533969208754371
2104	25-29	0.19917561119655858
2104	30-34	0.4095486204694154
2104	35-39	0.602888292935944
2104	40-44	0.05703334414126715
2104	45-49	-0.04896185844473422
2104	50-54	0.08514633747551414
2104	55-59	-0.18379700480809902
2104	60-64	0.07754320734790099
2104	65-69	-0.39521094762773146
2104	70-74	-0.3969935984568167
2104	75-79	0.26503816779845124
2104	80-84	-0.4171510764858013
2104	85-89	-0.16243879665337602
2104	90-94	-0.3072287444683255
2104	95-99	-0.6275956152436848
2104	100-104	-0.591952556644447
2104	105-109	0.006354598909737774
2104	110-114	-0.692667609864678
2104	115-119	-0.7709245630478101
2104	120-124	-0.5719386148787322
2104	125-129	-0.7095704668839993
2104	130-134	-0.382832362690408
2104	135-139	0.16914162962521573
2104	140-144	-0.19416721413059435
2104	145-149	-0.054096676881375316
2104	150-151	-0.10496131638961259
2105	1	-0.08288183741887778
2105	2	-0.33097015085971293
2105	3	-0.2539707391957684
2105	4	-0.30686492921246256
2105	5	-0.6146951565773371
2105	6	-0.8431741622996114
2105	7	-1.3169165993727106
2105	8	0.27484857101119786
2105	9	-1.2111323366525646
2105	10-14	-0.15966878064635637
2105	15-19	-0.9813963962420686
2105	20-24	-0.3418490413740187
2105	25-29	-1.0079462996810449
2105	30-34	-0.15806346359363488
2105	35-39	0.38863671300474323
2105	40-44	-0.4600293751528852
2105	45-49	0.017948213654840117
2105	50-54	-0.07067816207066357
2105	55-59	-0.32123413851061855
2105	60-64	-0.15300146766573164
2105	65-69	-0.22386623860909793
2105	70-74	-0.15103228920002465
2105	75-79	0.4894063052675932
2105	80-84	0.21856604078203645
2105	85-89	0.13596512057321064
2105	90-94	0.14870863201585394
2105	95-99	-0.2793810555866898
2105	100-104	0.2607493794990816
2105	105-109	0.6394259432732099
2105	110-114	-0.25645509327488725
2105	115-119	-0.33085485213873156
2105	120-124	-0.3071059730747052
2105	125-129	-0.12547976540382777
2105	130-134	-0.058727594637943525
2105	135-139	-0.3646527146517684
2105	140-144	-0.7027906624305196
2105	145-149	-0.5711646812991482
2105	150-151	-0.21649356643170137
2106	1	-0.22652705524473404
2106	2	-0.2343309082359788
2106	3	-0.13383671976227518
2106	4	-0.5005950079813211
2106	5	-0.3656356141727848
2106	6	-0.4888864065857845
2106	7	0.37611652811125396
2106	8	0.11923008752180664
2106	9	-0.8184628345259704
2106	10-14	-0.2968420273767691
2106	15-19	-0.11109093226635736
2106	20-24	-0.3195397096326147
2106	25-29	0.056045838566788575
2106	30-34	-0.5126261359196249
2106	35-39	-0.2710758630886616
2106	40-44	-0.31219409562179123
2106	45-49	-0.24854398595579852
2106	50-54	0.06577612743316053
2106	55-59	-0.1169012918228205
2106	60-64	-0.25207238977917257
2106	65-69	-0.3455804235259663
2106	70-74	-0.2066527605236459
2106	75-79	0.08557650170133257
2106	80-84	-0.09414765335659325
2106	85-89	-0.20058913695406488
2106	90-94	-0.21092096949251982
2106	95-99	-0.30491955139498117
2106	100-104	-0.020519633359533884
2106	105-109	0.24551699681472172
2106	110-114	-0.7734959372105088
2106	115-119	-1.6207304652652432
2106	120-124	-1.2950282534551327
2106	125-129	-0.7114950902447852
2106	130-134	-0.27518983140122444
2106	135-139	-0.35100658604697443
2106	140-144	-0.8970977026452687
2106	145-149	-0.6819662779098685
2106	150-151	-0.35965690924172833
2107	1	-0.30546469974741086
2107	2	-0.19573765109261743
2107	3	0.006257655406727736
2107	4	-0.044558651092085455
2107	5	-0.026518901921743776
2107	6	0.3649824813982434
2107	7	0.5915110857232975
2107	8	0.6660744435346118
2107	9	0.5290851398876768
2107	10-14	-0.14564500219253773
2107	15-19	-0.5051337649019416
2107	20-24	0.3779830925810117
2107	25-29	-1.2818423120079316
2107	30-34	-0.8732755280189153
2107	35-39	0.06951112573413099
2107	40-44	-0.34179083051527925
2107	45-49	-0.4826293560291006
2107	50-54	-0.05047027124724224
2107	55-59	-1.1739550075232117
2107	60-64	-0.430377903545633
2107	65-69	-0.42672317973440954
2107	70-74	-0.2891828151258551
2107	75-79	0.10926728775515215
2107	80-84	-0.5012722925803601
2107	85-89	-0.3701362061881994
2107	90-94	-0.05536897029734433
2107	95-99	-0.587637066942257
2107	100-104	-0.9705508130160361
2107	105-109	-0.503190854337749
2107	110-114	-0.6191773156900098
2107	115-119	-0.1664551448535292
2107	120-124	-0.28719898848758874
2107	125-129	-0.5564938377324751
2107	130-134	-0.8001643057845023
2107	135-139	-0.9279436780680648
2107	140-144	-1.5134999597548457
2107	145-149	-0.40802890934717695
2107	150-151	-0.13427361475129018
2108	1	-0.43025787189571574
2108	2	-0.08830113458015632
2108	3	-0.4117667587217255
2108	4	-0.11379532969004558
2108	5	-0.12483388807693885
2108	6	0.061578685896115815
2108	7	0.14096404716045186
2108	8	0.5967660083350381
2108	9	0.7634295378075819
2108	10-14	0.013613287805441132
2108	15-19	-0.06602304024468708
2108	20-24	0.3643476498849907
2108	25-29	-0.10242041695829585
2108	30-34	-0.0962688757598471
2108	35-39	-0.08720714006166475
2108	40-44	-0.2803301785166781
2108	45-49	-0.32284786643842267
2108	50-54	-0.06119418298539614
2108	55-59	-0.25462946973939893
2108	60-64	-0.17883805056214896
2108	65-69	-0.34703448006731463
2108	70-74	-0.3343880022598711
2108	75-79	-0.202558811367183
2108	80-84	0.015142045834750206
2108	85-89	-0.1015794474511793
2108	90-94	-0.045005701696027245
2108	95-99	-0.349050021605251
2108	100-104	-0.6251945514132693
2108	105-109	-1.0070369438684637
2108	110-114	-0.21691828769971622
2108	115-119	0.021264228111249395
2108	120-124	-0.06532566792320793
2108	125-129	-0.28144390281077847
2108	130-134	-0.14345797270734906
2108	135-139	-0.43335075879564755
2108	140-144	-0.037015672111248676
2108	145-149	0.2684437512203601
2108	150-151	0.12795150067974959
2109	1	-0.07121595812748538
2109	2	-0.12196607718683694
2109	3	-0.6498782965667935
2109	4	-0.46010406383136626
2109	5	-0.3851720833005352
2109	6	-0.6158363337692663
2109	7	-0.6660815839194782
2109	8	0.3289759285638709
2109	9	-0.36828766909194854
2109	10-14	-0.5547042125336219
2109	15-19	-0.5230117403568855
2109	20-24	0.003529224841528844
2109	25-29	-0.5886298686702318
2109	30-34	-0.41146999896746195
2109	35-39	-0.4929181040643442
2109	40-44	-0.6810715879006608
2109	45-49	-0.24011873173555642
2109	50-54	-0.5256262491604957
2109	55-59	-0.9371938834277103
2109	60-64	-0.43050403065560516
2109	65-69	-0.4834397548280762
2109	70-74	-1.0302379361111846
2109	75-79	-0.49386725493837247
2109	80-84	-0.2641553038516591
2109	85-89	-0.678863596614562
2109	90-94	-0.27562437508333204
2109	95-99	-0.36605119434958766
2109	100-104	-0.46208086157787065
2109	105-109	-0.6284359775312076
2109	110-114	-0.5002750779921001
2109	115-119	-0.26185082151662087
2109	120-124	-0.24284323180867773
2109	125-129	-0.5432805534267295
2109	130-134	-0.30450822163636104
2109	135-139	-0.38728934049955654
2109	140-144	-0.2655217066455684
2109	145-149	-0.10416508605170449
2109	150-151	-0.2796512756853211
2110	1	-0.11952707749172475
2110	2	-0.215180237028882
2110	3	0.11502565343946003
2110	4	-0.029977070921898274
2110	5	0.07141498699464677
2110	6	0.23692654837479665
2110	7	0.8251801215221519
2110	8	0.1598623777269168
2110	9	0.6350241513671335
2110	10-14	0.2172759445874206
2110	15-19	-0.6942479032079589
2110	20-24	-0.48300255370345013
2110	25-29	-2.1024447720517756
2110	30-34	-2.399540623851408
2110	35-39	-2.053835967952395
2110	40-44	-3.0857535901495794
2110	45-49	-0.3263133242302203
2110	50-54	-0.2623608738613754
2110	55-59	-0.5214015909006093
2110	60-64	-0.05859196079429552
2110	65-69	-0.5126956432104208
2110	70-74	-0.6859322084818658
2110	75-79	-0.20713395454315986
2110	80-84	-0.23996498498465968
2110	85-89	-0.815175211195708
2110	90-94	-0.13223155452867985
2110	95-99	-0.041875290108798424
2110	100-104	0.025443092878994378
2110	105-109	0.0921372344917124
2110	110-114	-0.2745404003171572
2110	115-119	-0.7723144298569586
2110	120-124	-0.5561062266084669
2110	125-129	-0.6010434838698586
2110	130-134	-0.08363605238616856
2110	135-139	0.1491491593642209
2110	140-144	-0.4779100095556075
2110	145-149	-0.4049066137906898
2110	150-151	-0.3955415709058627
2111	1	-0.09748676133732914
2111	2	-0.2957505763832238
2111	3	-0.26334054403353946
2111	4	-0.5188952742051747
2111	5	-0.42670865489698784
2111	6	0.26509456126561304
2111	7	-1.506961727475307
2111	8	-1.6075187629811936
2111	9	-0.9787995907929563
2111	10-14	-0.5258227036996388
2111	15-19	-0.40106065994372386
2111	20-24	-1.8202222945344673
2111	25-29	-0.6011282412817138
2111	30-34	-1.1391324929907753
2111	35-39	-1.4821162910925025
2111	40-44	-0.8057739638106369
2111	45-49	-0.8554263057383835
2111	50-54	-0.641232917034877
2111	55-59	-0.23555154654696508
2111	60-64	-0.2937894352545456
2111	65-69	-0.6369161152192859
2111	70-74	-0.4221254469122897
2111	75-79	-1.5069335617463224
2111	80-84	-0.5615165854739388
2111	85-89	-0.564687185816922
2111	90-94	-0.6791658855716065
2111	95-99	-0.3362284319336766
2111	100-104	-0.446684607226679
2111	105-109	-0.7456316831370202
2111	110-114	-0.8379662014869318
2111	115-119	-1.695773804945805
2111	120-124	-2.424031872877336
2111	125-129	-0.9267214343299841
2111	130-134	-1.0184210130150468
2111	135-139	-0.9204421580170994
2111	140-144	-1.1739656751615755
2111	145-149	-1.5711932558395176
2111	150-151	-1.2043889014224263
2112	1	-0.336055592251018
2112	2	-0.2690854761780592
2112	3	-0.43453125197739695
2112	4	-0.4066410988969231
2112	5	-0.3445835619697277
2112	6	-0.042529548251252436
2112	7	-0.30263254507891446
2112	8	-0.4544817996989039
2112	9	0.6093543324675466
2112	10-14	-0.2812100289796433
2112	15-19	-0.21345843995895564
2112	20-24	-0.3654442148748842
2112	25-29	-0.38372025880227056
2112	30-34	-0.5245455365175644
2112	35-39	-0.5112773874568219
2112	40-44	-0.5628753877985844
2112	45-49	-0.42593745228806057
2112	50-54	-0.45903663653140825
2112	55-59	-0.13475615368966487
2112	60-64	-0.2843280218881503
2112	65-69	-0.5798285282922606
2112	70-74	-0.6562682587106394
2112	75-79	-0.9616211286876322
2112	80-84	-0.712918124662572
2112	85-89	-0.6734222224883339
2112	90-94	-1.452549326499934
2112	95-99	-1.1405628364778515
2112	100-104	-1.1687260312718877
2112	105-109	-0.6682214893097189
2112	110-114	-0.6003339508318106
2112	115-119	-0.8771458224921496
2112	120-124	-1.2382917242184384
2112	125-129	-0.7031490044839153
2112	130-134	-0.582510592236634
2112	135-139	-1.141529728028459
2112	140-144	-1.1046591434853177
2112	145-149	-1.302536193669802
2112	150-151	-1.498424618239703
2113	1	0.016486721702850815
2113	2	-0.23764901586912757
2113	3	-0.06342563762098763
2113	4	-0.49484974836090245
2113	5	-0.11232349869058211
2113	6	-0.12445194726234377
2113	7	-0.23796446782981917
2113	8	0.47730977886501336
2113	9	-0.05855119191637925
2113	10-14	-0.20250644074960178
2113	15-19	-0.10816729197362918
2113	20-24	0.5528996016420535
2113	25-29	0.2880434834676606
2113	30-34	0.5202098219267981
2113	35-39	0.49432227867585254
2113	40-44	0.32751120902423736
2113	45-49	0.1402621945582041
2113	50-54	0.21376591545227086
2113	55-59	-0.2324902661910997
2113	60-64	0.058010775870315
2113	65-69	-0.18898361562491317
2113	70-74	-0.37037410557603323
2113	75-79	-0.2595458276458018
2113	80-84	-0.27595021885399973
2113	85-89	-0.2764114928718868
2113	90-94	-0.12172941643212454
2113	95-99	-0.3678008979459193
2113	100-104	-0.39052951999784113
2113	105-109	0.1875698950017366
2113	110-114	-0.15474032895875567
2113	115-119	-0.2575581883926006
2113	120-124	-0.17485803847639758
2113	125-129	-0.6373756506060282
2113	130-134	-0.5933614280615025
2113	135-139	-0.7089397040362826
2113	140-144	-0.5409023338423182
2113	145-149	-0.3809864803521634
2113	150-151	-0.5743256668723546
2114	1	-0.10230537139669238
2114	2	-0.13493435476178917
2114	3	-0.3263860203773561
2114	4	-0.20029149221746323
2114	5	-0.28756593469354996
2114	6	-1.7800089340322884
2114	7	0.03414701156963673
2114	8	-2.6667011699946386
2114	9	-1.9559875390044716
2114	10-14	-0.9547928057325095
2114	15-19	-0.668513750702715
2114	20-24	-1.8032639161557995
2114	25-29	-0.5249831376070659
2114	30-34	-1.5089312803397732
2114	35-39	-2.1034828308157856
2114	40-44	-0.42681350422047615
2114	45-49	-0.5805658190460363
2114	50-54	-0.6413082283068334
2114	55-59	-0.015653819410808012
2114	60-64	-0.2811677685941021
2114	65-69	-0.34777843642753226
2114	70-74	-0.7970201953249827
2114	75-79	-1.545230418579223
2114	80-84	-1.4541467277833604
2114	85-89	-1.403100102563542
2114	90-94	-2.241732396298133
2114	95-99	-1.4168820132330637
2114	100-104	-1.6128403882727582
2114	105-109	-1.1134275554436002
2114	110-114	-0.2619003730722156
2114	115-119	-0.5351908098459255
2114	120-124	-0.8030243274111228
2114	125-129	-0.5842136756143717
2114	130-134	-1.479377738812044
2114	135-139	-1.9014047317633285
2114	140-144	-1.3299477168985092
2114	145-149	-2.301648857528267
2114	150-151	-1.037755103801672
>>END_MODULE
>>Per sequence quality scores	pass
#Quality	Count
2	982.0
3	0.0
4	0.0
5	0.0
6	0.0
7	0.0
8	0.0
9	0.0
10	0.0
11	0.0
12	0.0
13	1.0
14	108.0
15	734.0
16	1902.0
17	3119.0
18	4952.0
19	6653.0
20	8679.0
21	11132.0
22	13662.0
23	16494.0
24	19859.0
25	22694.0
26	26685.0
27	30573.0
28	34848.0
29	39062.0
30	45151.0
31	51654.0
32	59431.0
33	70637.0
34	87151.0
35	113585.0
36	165707.0
37	199976.0
38	7342.0
>>END_MODULE
>>Per base sequence content	warn
#Base	G	A	T	C
1	48.79884736957797	13.413726937552733	6.275346974585114	31.512078718284187
2	31.561896772001298	14.506652485959275	24.084197310209056	29.847253431830378
3	28.3001100988586	16.486032227193363	17.008401877151943	38.205455796796095
4	37.132015922579484	20.003532378375315	13.44684298482133	29.41760871422387
5	33.89489830493832	21.69120293801732	15.158510680165216	29.255388076879147
6	31.37260736558484	22.873205854149248	14.523354492407787	31.230832287858124
7	28.97759723399415	16.33792190564134	24.75102971709297	29.93345114327154
8	26.846747572209782	16.015976333064884	19.149618301559528	37.98765779316581
9	31.778734890203502	15.74999208094522	18.946890499150022	33.52438252970125
10-14	32.838985938638366	17.396713928225527	16.349152565149826	33.41514756798629
15-19	32.4215893590941	17.565058634601375	16.817864619678996	33.19548738662553
20-24	32.34906041614873	17.149485837370452	17.485349748654	33.01610399782682
25-29	32.723550117058025	17.36895404164559	17.204890424278958	32.70260541701743
30-34	32.74572347044657	17.202913060297124	17.121879532459005	32.929483936797304
35-39	32.483891631329	17.249971773391408	17.327585346127346	32.93855124915224
40-44	32.738872374483314	17.364566022748953	17.22140274648303	32.67515885628471
45-49	32.754684400841846	17.193291805315063	17.170467098868283	32.88155669497482
50-54	32.541166847106936	17.256076025502225	17.279441838084928	32.923315289305904
55-59	32.80561476370985	17.273692366956052	17.16708878371131	32.7536040856228
60-64	32.81477598955732	17.144736242843237	17.162722229212484	32.87776553838696
65-69	32.6811148024602	17.19312049381809	17.272865233323444	32.85289947039827
70-74	32.77704087177519	17.218668133289345	17.22878054573319	32.77551044920227
75-79	32.82156350773073	17.07289695305437	17.120029984920148	32.985509554294744
80-84	32.66558468366993	17.170968892794104	17.23186451609888	32.9315819074371
85-89	32.8382812168771	17.16241237970251	17.194181056841902	32.80512534657849
90-94	32.87746128839759	17.021868248475137	17.110997936780088	32.989672526347185
95-99	32.74654696975844	17.09113589304163	17.198231330082788	32.96408580711714
100-104	32.901901371827776	17.084404888269372	17.148045159262946	32.8656485806399
105-109	32.933256591388336	16.979931238633693	17.09962002391786	32.98719214606011
110-114	32.832983494800864	17.005655734062397	17.213416984977695	32.947943786159044
115-119	32.924844635386854	17.03445023899148	17.174580656601886	32.866124469019766
120-124	33.006558168299996	16.900369872492128	17.056941041029805	33.03613091817807
125-129	32.91472432331561	16.994609114782516	17.146845454333395	32.943821107568475
130-134	33.03870870517513	16.912324813743645	17.15705400144092	32.891912479640304
135-139	33.07746484891448	16.843736106470526	17.04693988532295	33.03185915929204
140-144	32.97446687292516	16.85802886888483	17.12548786932055	33.04201638886946
145-149	33.1005730213681	16.660441814162176	17.15044852075484	33.08853664371488
150-151	35.756458746171305	6.922623130913923	18.469298402263163	38.85161972065161
>>END_MODULE
>>Per sequence GC content	warn
#GC Content	Count
0	982.0
1	491.0
2	0.0
3	0.0
4	0.0
5	0.0
6	0.0
7	0.0
8	0.0
9	0.0
10	0.0
11	0.0
12	0.0
13	0.0
14	0.5
15	0.5
16	0.0
17	0.0
18	0.0
19	0.0
20	0.0
21	0.0
22	0.5
23	0.5
24	0.0
25	0.5
26	2.0
27	3.5
28	2.5
29	0.5
30	2.0
31	4.0
32	4.5
33	5.0
34	7.5
35	19.5
36	33.5
37	38.5
38	53.5
39	65.5
40	100.0
41	143.0
42	201.5
43	300.0
44	386.0
45	483.0
46	620.0
47	842.0
48	1195.0
49	1629.5
50	2223.5
51	3124.0
52	4350.5
53	5821.0
54	7865.5
55	10714.5
56	14323.0
57	19008.0
58	24900.5
59	31752.0
60	39523.0
61	48068.0
62	56609.5
63	64243.0
64	70411.0
65	74542.5
66	75838.0
67	74761.5
68	71308.5
69	65258.0
70	58059.5
71	49988.5
72	40838.5
73	32302.0
74	25227.0
75	19010.0
76	14008.0
77	10249.0
78	7550.0
79	5614.0
80	4119.0
81	3123.0
82	2435.0
83	1920.0
84	1509.5
85	1231.5
86	1003.5
87	786.5
88	623.5
89	502.5
90	384.5
91	308.0
92	255.0
93	208.5
94	154.5
95	96.5
96	63.0
97	42.0
98	22.0
99	8.5
100	8.0
>>END_MODULE
>>Per base N content	pass
#Base	N-Count
1	0.09417198182154697
2	0.09417198182154697
3	0.09417198182154697
4	0.09417198182154697
5	0.09417198182154697
6	0.09417198182154697
7	0.09417198182154697
8	0.09417198182154697
9	0.09417198182154697
10-14	0.09417198182154697
15-19	0.09417198182154697
20-24	0.09417198182154697
25-29	0.09417198182154697
30-34	0.09417198182154697
35-39	0.018852587738445878
40-44	0.0
45-49	0.0
50-54	0.0
55-59	0.0
60-64	0.0
65-69	0.0
70-74	0.0
75-79	0.0
80-84	0.0
85-89	0.0
90-94	0.0
95-99	0.0
100-104	0.0
105-109	0.0
110-114	0.0
115-119	0.0
120-124	0.0
125-129	0.0
130-134	0.0
135-139	0.0
140-144	0.0
145-149	0.0
150-151	0.0
>>END_MODULE
>>Sequence Length Distribution	warn
#Length	Count
35-39	1593.0
40-44	731.0
45-49	898.0
50-54	1179.0
55-59	1338.0
60-64	1725.0
65-69	1988.0
70-74	2394.0
75-79	2712.0
80-84	3125.0
85-89	3646.0
90-94	4055.0
95-99	4683.0
100-104	5146.0
105-109	5831.0
110-114	6476.0
115-119	6868.0
120-124	7693.0
125-129	8401.0
130-134	8918.0
135-139	9950.0
140-144	10566.0
145-149	61153.0
150-152	881704.0
>>END_MODULE
>>Sequence Duplication Levels	pass
#Total Deduplicated Percentage	93.03572620916798
#Duplication Level	Percentage of deduplicated	Percentage of total
1	93.29488532566708	86.79757407874486
2	6.136783993848464	11.418803109129803
3	0.4923823575068462	1.3742745060969486
4	0.05736793594210043	0.2134907032597737
5	0.01060329595535349	0.04932426697085228
6	0.004062462312583639	0.022677247886915688
7	0.001214492220696073	0.007909381600949098
8	0.0014813230218607726	0.011025277047134097
9	5.157916963804685E-4	0.004318834954087401
>10	5.999127429852669E-4	0.006401016834187959
>50	0.0	0.0
>100	0.0	0.0
>500	1.031090856626789E-4	0.09420157747449609
>1k	0.0	0.0
>5k	0.0	0.0
>10k+	0.0	0.0
>>END_MODULE
>>Overrepresented sequences	pass
>>END_MODULE
>>Adapter Content	pass
#Position	Illumina Universal Adapter	Illumina Small RNA 3' Adapter	Illumina Small RNA 5' Adapter	Nextera Transposase Sequence	SOLID Small RNA Adapter
1	0.0	0.0	0.0	0.0	0.0
2	0.0	0.0	0.0	0.0	0.0
3	9.589814849444701E-5	0.0	0.0	0.0	1.9179629698889403E-4
4	9.589814849444701E-5	0.0	0.0	0.0	1.9179629698889403E-4
5	9.589814849444701E-5	0.0	0.0	0.0	1.9179629698889403E-4
6	9.589814849444701E-5	0.0	0.0	0.0	1.9179629698889403E-4
7	9.589814849444701E-5	0.0	0.0	0.0	1.9179629698889403E-4
8	9.589814849444701E-5	0.0	0.0	0.0	3.8359259397778805E-4
9	9.589814849444701E-5	0.0	0.0	0.0	4.7949074247223507E-4
10-14	9.589814849444701E-5	0.0	7.671851879555761E-5	0.0	6.521074097622397E-4
15-19	9.589814849444701E-5	0.0	9.589814849444701E-5	0.0	9.01442595847802E-4
20-24	1.5343703759111523E-4	1.9179629698889403E-5	1.7261666729000464E-4	0.0	0.0010165203740411383
25-29	3.2605370488111987E-4	1.91796296988894E-4	5.562092612677927E-4	0.0	0.0011507777819333642
30-34	9.5898148494447E-4	3.6441296427889864E-4	7.671851879555761E-4	0.0	0.0014192925977178157
35-39	0.0020330407480822765	3.8359259397778805E-4	8.439037067511337E-4	0.0	0.0016110888947067099
40-44	0.003068740751822305	3.8359259397778805E-4	0.0011124185225355851	0.0	0.00191796296988894
45-49	0.004353775941647894	5.178500018700138E-4	0.0013617537086211475	0.0	0.001956322229286719
50-54	0.006310098170934614	6.13748150364461E-4	0.001572729635308931	0.0	0.0021672981559745026
55-59	0.008458216697210228	7.096462988589079E-4	0.001630268524405599	0.0	0.0025317111202534013
60-64	0.01131598152234475	8.055444473533549E-4	0.001630268524405599	0.0	0.0027235074172422954
65-69	0.014001129680189264	9.781611146433594E-4	0.0016878074135022673	0.0	0.002934483343930079
70-74	0.01735756487749491	0.0012083166710300324	0.0017261666729000463	0.0	0.0032029981597145305
75-79	0.021135951928176123	0.0013425740789222583	0.0020714000074800554	0.0	0.0037016685318856553
80-84	0.025719883426210687	0.0013425740789222583	0.00224401667477006	0.0	0.00418115927435789
85-89	0.03216423900503752	0.0013425740789222583	0.0023015555638667283	0.0	0.004238698163454558
90-94	0.03857023532446659	0.0013425740789222583	0.0023399148232645076	0.0	0.004411314830744563
95-99	0.04591603349914123	0.0013425740789222583	0.002454992601457844	0.0	0.004545572238636789
100-104	0.05548666871888704	0.0013425740789222583	0.0024933518608556225	0.0	0.004603111127733457
105-109	0.06687936876002734	0.0013425740789222583	0.002531711120253401	0.0	0.004603111127733457
110-114	0.08007495399286325	0.0014192925977178157	0.0026467888984467378	0.0	0.004622290757432345
115-119	0.09470901145311587	0.0014384722274167054	0.0028769444548334107	0.0	0.004852446313819019
120-124	0.11030205039831298	0.0014384722274167054	0.0028769444548334107	0.0	0.005370296315689032
125-129	0.12269209118379551	0.0014384722274167054	0.0029536629736289684	0.0	0.0058114277987634895
130-134	0.132320265292638	0.0015151907462122628	0.0030687407518223044	0.0	0.0060991222442468305
135-139	0.14106617643533154	0.001572729635308931	0.0030687407518223044	0.0	0.006252559281837945
140	0.14173746347479269	0.0017261666729000463	0.0030687407518223044	0.0	0.006329277800633503
>>END_MODULE
