##FastQC	0.11.9
>>Basic Statistics	pass
#Measure	Value
Filename	ERR3077935_1.fastq
File type	Conventional base calls
Encoding	Sanger / Illumina 1.9
Total Sequences	620201
Sequences flagged as poor quality	0
Sequence length	35-151
%GC	65
>>END_MODULE
>>Per base sequence quality	pass
#Base	Mean	Median	Lower Quartile	Upper Quartile	10th Percentile	90th Percentile
1	32.09439842889644	33.0	32.0	33.0	32.0	34.0
2	32.05549652451383	33.0	32.0	33.0	31.0	34.0
3	32.25686511308431	33.0	32.0	33.0	32.0	34.0
4	32.417422738757274	33.0	32.0	34.0	32.0	34.0
5	32.126360647596506	33.0	32.0	34.0	31.0	34.0
6	33.593539836278886	34.0	33.0	37.0	31.0	37.0
7	33.514586400215414	34.0	33.0	37.0	31.0	37.0
8	33.57368498277172	34.0	33.0	37.0	31.0	37.0
9	33.65819629442713	34.0	33.0	37.0	31.0	37.0
10-14	34.57026383382161	35.6	34.4	37.4	31.6	37.4
15-19	36.04187126431593	38.0	36.6	38.0	32.8	38.0
20-24	36.42676390396017	38.0	37.0	38.4	34.0	38.4
25-29	36.343730177797205	38.0	37.0	39.0	33.0	39.0
30-34	36.39449952515395	38.0	37.0	39.0	32.8	39.0
35-39	36.34065397194779	38.0	37.0	39.0	32.8	39.0
40-44	36.2111170192435	38.0	36.8	39.0	32.4	39.0
45-49	36.0783552591547	38.0	36.0	39.0	32.0	39.0
50-54	35.98475926966731	38.0	36.0	39.0	31.4	39.0
55-59	35.99366401876614	38.0	36.0	39.0	31.0	39.0
60-64	35.7379597900556	38.0	36.0	39.0	30.2	39.0
65-69	35.726421117321294	38.0	36.0	39.0	30.2	39.0
70-74	35.719615101381386	38.0	36.0	39.0	30.4	39.0
75-79	35.53644822543344	38.0	36.0	39.0	30.0	39.0
80-84	35.35633280827551	38.0	35.8	39.0	29.4	39.0
85-89	35.05013405839266	38.0	34.6	38.0	27.0	39.0
90-94	34.93881304413752	38.0	34.4	38.0	27.0	39.0
95-99	35.03117602231808	38.0	34.6	38.0	27.0	39.0
100-104	34.60342892397093	38.0	34.0	38.0	25.4	39.0
105-109	34.41193297307549	38.0	34.0	38.0	24.4	39.0
110-114	34.315066530118344	38.0	34.0	38.0	24.2	39.0
115-119	33.92973464596032	37.4	33.6	38.0	24.0	39.0
120-124	33.71470532983978	37.0	33.0	38.0	20.6	39.0
125-129	33.41601925987853	37.0	32.6	38.0	16.8	38.6
130-134	32.92971184291139	37.0	32.0	38.0	14.0	38.0
135-139	32.66629795254075	37.0	31.6	37.8	14.0	38.0
140-144	32.42697293944953	37.0	31.6	37.0	14.0	38.0
145-149	31.983648705839236	37.0	31.0	37.0	13.8	38.0
150-151	30.226906642485652	35.0	27.5	37.0	13.0	37.5
>>END_MODULE
>>Per tile sequence quality	pass
#Tile	Base	Mean
1101	1	-0.16053168209285928
1101	2	-0.003378734056255439
1101	3	0.1004237033710993
1101	4	0.18131109562372671
1101	5	0.09128317358087656
1101	6	0.17728384043147116
1101	7	0.3240894111157431
1101	8	0.32799033417892787
1101	9	0.34505061265240755
1101	10-14	0.32395345211055826
1101	15-19	0.3364146691786942
1101	20-24	0.3143106583590267
1101	25-29	0.33565999331523955
1101	30-34	0.3047274379110547
1101	35-39	0.23673179250964438
1101	40-44	0.19938485522229143
1101	45-49	0.2580069370330662
1101	50-54	0.28316523398471105
1101	55-59	0.20828281916026015
1101	60-64	0.32209855305038815
1101	65-69	0.3000775959915245
1101	70-74	0.2777195046847041
1101	75-79	0.2375729519435481
1101	80-84	0.31171447171355027
1101	85-89	0.4302865031418932
1101	90-94	0.42627097462428054
1101	95-99	0.2231501598827208
1101	100-104	0.3299629480205013
1101	105-109	0.3287401906437637
1101	110-114	0.24407653803201868
1101	115-119	0.37092594934838274
1101	120-124	0.17891163571196955
1101	125-129	0.3074067262987299
1101	130-134	0.5292555517661057
1101	135-139	0.39155749822865005
1101	140-144	0.349491801208508
1101	145-149	0.4831530867603675
1101	150-151	0.013668095958458082
1102	1	0.052436677141621146
1102	2	-0.12791457023960362
1102	3	0.04587604256396105
1102	4	0.09369046122491653
1102	5	-0.08497669963574594
1102	6	0.08100317515438604
1102	7	0.12432125635947244
1102	8	0.11041054378630122
1102	9	0.13957634540902575
1102	10-14	0.11732312565110448
1102	15-19	0.1649752492909613
1102	20-24	-0.016430024371004492
1102	25-29	-0.04215270946328786
1102	30-34	0.12484991829371239
1102	35-39	0.2055556668372347
1102	40-44	0.15516665516402384
1102	45-49	0.07175872380600623
1102	50-54	0.22137512009930305
1102	55-59	0.17245201066659632
1102	60-64	0.1502672897543036
1102	65-69	0.028005164743603927
1102	70-74	0.07102303407818056
1102	75-79	0.14871757819504694
1102	80-84	0.1591016446526936
1102	85-89	0.1674025659494589
1102	90-94	-0.034539369032913214
1102	95-99	0.2089942473595343
1102	100-104	-0.023511679269411445
1102	105-109	0.06940693028219869
1102	110-114	0.38247098765086207
1102	115-119	0.187944048673657
1102	120-124	0.3614433006463642
1102	125-129	0.5992506336566237
1102	130-134	0.4980469753950345
1102	135-139	0.6545700300933461
1102	140-144	0.5808760531319166
1102	145-149	0.34881218860124363
1102	150-151	0.6511130138803871
1103	1	0.07447945492729247
1103	2	0.0336440272286751
1103	3	0.006491639194024401
1103	4	0.07846854524611047
1103	5	-0.02863817121430401
1103	6	0.2050733159474305
1103	7	0.2542994483551553
1103	8	0.020217042145375785
1103	9	0.26860976067036546
1103	10-14	0.13607644657685114
1103	15-19	0.26556129500962555
1103	20-24	0.20769318019802085
1103	25-29	0.30732219357278723
1103	30-34	0.19602385666300393
1103	35-39	0.22902448858555857
1103	40-44	7.364469482098457E-4
1103	45-49	0.17512507413758982
1103	50-54	0.23357813609371192
1103	55-59	0.24771970280124833
1103	60-64	0.013142086216895166
1103	65-69	0.21991728803379118
1103	70-74	0.17319306522584554
1103	75-79	0.11226063553331755
1103	80-84	0.4325596996122414
1103	85-89	0.42220724550472966
1103	90-94	0.28632984245979287
1103	95-99	0.27498763151915284
1103	100-104	0.060185516788962445
1103	105-109	-0.12081462729769754
1103	110-114	0.16603136256149753
1103	115-119	-0.5841750111829995
1103	120-124	-0.6789487356045711
1103	125-129	-0.24020683973034807
1103	130-134	-0.7218800402349146
1103	135-139	-1.3414268008123393
1103	140-144	-1.713632389071492
1103	145-149	-1.946527713779929
1103	150-151	-1.6006127663480747
1104	1	0.143679276515158
1104	2	-0.12990548213795705
1104	3	-0.040268396488400526
1104	4	-0.007138056002773396
1104	5	-1.7429967103765875E-4
1104	6	-0.04466709440047367
1104	7	0.009831116508586035
1104	8	-0.00972586597237779
1104	9	0.01817889537152695
1104	10-14	0.11730427886944739
1104	15-19	0.2754920711024056
1104	20-24	-0.037796204280120094
1104	25-29	0.13110346029892384
1104	30-34	0.173884338375764
1104	35-39	0.10114041749250191
1104	40-44	0.12349562935629166
1104	45-49	0.04211466416480647
1104	50-54	0.14857590593511105
1104	55-59	0.23571337881055854
1104	60-64	0.29221407133739064
1104	65-69	0.1762980412417221
1104	70-74	0.18423665956307644
1104	75-79	0.11924319194093158
1104	80-84	0.011749985412414787
1104	85-89	0.11935473298372301
1104	90-94	0.005373704328910378
1104	95-99	0.2464274968424789
1104	100-104	0.11753466848636407
1104	105-109	0.048363357262410034
1104	110-114	0.29805820635012026
1104	115-119	0.21321087201206268
1104	120-124	0.1661093078731426
1104	125-129	-0.025894160372537556
1104	130-134	0.10481765890838801
1104	135-139	-0.16206119990664547
1104	140-144	-0.08751438345061757
1104	145-149	0.1307439789449205
1104	150-151	0.024949437384510276
1105	1	0.033099535236495115
1105	2	0.061641335215988136
1105	3	0.1460905443419307
1105	4	-0.055206052079917356
1105	5	0.04806163177247669
1105	6	0.015518400392409148
1105	7	-0.05135265036200565
1105	8	-0.037276979781744046
1105	9	-0.37410037423104825
1105	10-14	-0.2900136681720724
1105	15-19	-0.18163991414021297
1105	20-24	0.1180259971862796
1105	25-29	0.21525671299588112
1105	30-34	0.368452834149366
1105	35-39	0.2969348172156643
1105	40-44	0.4015875947317511
1105	45-49	-0.08191280991254501
1105	50-54	0.2632617652693128
1105	55-59	0.45053401158201467
1105	60-64	0.45173615485990126
1105	65-69	0.3164417724009496
1105	70-74	0.4141740323695302
1105	75-79	0.5144520243686372
1105	80-84	0.2123514042440604
1105	85-89	0.39902627105284694
1105	90-94	0.31347470095349905
1105	95-99	0.36931562848168653
1105	100-104	0.45550113814937987
1105	105-109	0.21836370004159988
1105	110-114	0.35177452424926514
1105	115-119	0.5214951841782423
1105	120-124	0.2579647353803054
1105	125-129	-0.25804089029838195
1105	130-134	0.10686649479065125
1105	135-139	0.27378814981734223
1105	140-144	0.19390409368168093
1105	145-149	0.685628713984876
1105	150-151	0.7883782186988455
1106	1	-0.06930406792188393
1106	2	-0.16844601067449005
1106	3	-1.342636880465875E-4
1106	4	-0.06156399426615167
1106	5	0.11274064592078759
1106	6	-0.013951571415795172
1106	7	0.09533677939999308
1106	8	-0.12833834654088605
1106	9	-0.05762745594981311
1106	10-14	0.13731866927584235
1106	15-19	0.32147848016302305
1106	20-24	0.15879380238210672
1106	25-29	0.3321830960972818
1106	30-34	0.19338493797604173
1106	35-39	0.12080871911606295
1106	40-44	0.25250841482303343
1106	45-49	0.3417138396626598
1106	50-54	0.46159257768820083
1106	55-59	0.2814245276190519
1106	60-64	0.15199398148764232
1106	65-69	0.2140775451525343
1106	70-74	0.2542810831374993
1106	75-79	0.29322567260336285
1106	80-84	0.48290302520752704
1106	85-89	0.4344326289769356
1106	90-94	0.2673718792869906
1106	95-99	0.2061222039632895
1106	100-104	0.47102211040545683
1106	105-109	0.3371322352515449
1106	110-114	0.5353589231406417
1106	115-119	0.3780051468414527
1106	120-124	0.3725884370981447
1106	125-129	0.3573742554336974
1106	130-134	0.42024349701826935
1106	135-139	0.41809585925999215
1106	140-144	0.41298310498500257
1106	145-149	0.5439904214220945
1106	150-151	0.3241538260530774
1107	1	-0.10395307978828328
1107	2	-0.06126055095683114
1107	3	-0.08443813447367887
1107	4	0.03732488240319043
1107	5	0.08578701543252976
1107	6	0.1403105451806681
1107	7	-0.2774551791610804
1107	8	-0.6104335343614196
1107	9	-0.19956713782615054
1107	10-14	0.001464981233525009
1107	15-19	-0.026861653347737047
1107	20-24	0.13544767518396839
1107	25-29	0.08767928909767875
1107	30-34	0.29643852923954483
1107	35-39	0.039943691673634873
1107	40-44	0.303941009204884
1107	45-49	0.18768780115170358
1107	50-54	0.16848393821180707
1107	55-59	-0.034046356994643645
1107	60-64	0.13374387204262916
1107	65-69	0.11152756760753135
1107	70-74	0.24587658809689827
1107	75-79	0.17207324926843626
1107	80-84	0.030640614496427077
1107	85-89	0.30683187592292427
1107	90-94	0.5070207533500621
1107	95-99	0.131638331749663
1107	100-104	0.30372812435196295
1107	105-109	0.40892876277791856
1107	110-114	0.1537077985737625
1107	115-119	0.28776211985086064
1107	120-124	0.14825757890839242
1107	125-129	-0.042153779916432654
1107	130-134	0.6158620996748709
1107	135-139	0.13415087905347178
1107	140-144	0.3776640785120122
1107	145-149	0.5392225777068802
1107	150-151	0.3146414411725189
1108	1	0.13469441091768886
1108	2	0.061481009843063816
1108	3	0.1395861325380281
1108	4	0.056851101440194896
1108	5	0.02277668293569235
1108	6	-0.20511254278538615
1108	7	-0.25547541161429166
1108	8	-0.3616590035373193
1108	9	0.29502461482036324
1108	10-14	0.03323000735374393
1108	15-19	-0.024211746381233468
1108	20-24	0.1778539425461787
1108	25-29	0.026480555397185412
1108	30-34	0.3102567802099685
1108	35-39	0.2901700512434999
1108	40-44	0.24879941770404912
1108	45-49	0.29038080194195715
1108	50-54	0.21957120668482588
1108	55-59	0.23272519627527544
1108	60-64	0.2981180727482169
1108	65-69	0.3607751335149416
1108	70-74	0.4038345977430211
1108	75-79	0.31925917326157105
1108	80-84	0.35552228420790044
1108	85-89	0.4622670720267408
1108	90-94	0.3023499592698613
1108	95-99	0.039602359123207975
1108	100-104	0.1837555114563969
1108	105-109	0.23610155397310706
1108	110-114	0.35774140230215323
1108	115-119	0.2737274266364693
1108	120-124	0.38971618302685584
1108	125-129	0.10078012358877686
1108	130-134	0.6074215065511837
1108	135-139	0.2840200614457302
1108	140-144	0.5467573377564392
1108	145-149	0.4906963210328854
1108	150-151	0.3891604741520496
1109	1	0.01776746025375786
1109	2	-0.050166347794842636
1109	3	-0.0695689493222389
1109	4	-0.04715963000609946
1109	5	-0.04756303624346714
1109	6	-0.14139971159675468
1109	7	0.07493768309585391
1109	8	0.3015736980529766
1109	9	0.25858754295119724
1109	10-14	0.14585470360763964
1109	15-19	-0.30543046923649797
1109	20-24	-0.05339787626537884
1109	25-29	-0.13936295167464863
1109	30-34	-0.1663426560958996
1109	35-39	-0.09895171999851016
1109	40-44	0.18315505060510873
1109	45-49	-0.015765110414513117
1109	50-54	0.006519633828389715
1109	55-59	0.02352943363868576
1109	60-64	0.37168776854545627
1109	65-69	0.2065878053781134
1109	70-74	0.13745967698592665
1109	75-79	0.17307152545810567
1109	80-84	0.20648495830445057
1109	85-89	0.32306026562493173
1109	90-94	0.258452113584255
1109	95-99	0.00498888496264982
1109	100-104	0.12014812216086312
1109	105-109	0.13987305284449292
1109	110-114	0.023298211285812442
1109	115-119	0.13930186095249297
1109	120-124	0.2914215481193594
1109	125-129	-0.007133580603152723
1109	130-134	0.2528557294344438
1109	135-139	0.2647248485722784
1109	140-144	0.3720391930030118
1109	145-149	0.44612171574140547
1109	150-151	0.07582639141017466
1110	1	-0.10617498518396218
1110	2	-0.26099104029203346
1110	3	-0.1538605422730157
1110	4	0.01178615730216137
1110	5	0.08667646560554942
1110	6	-0.19159445680119802
1110	7	0.16514470624624522
1110	8	0.060632158433115535
1110	9	-0.27477555851505997
1110	10-14	-0.45891404608944697
1110	15-19	-0.46036762741799464
1110	20-24	0.13859343148990177
1110	25-29	-0.1676566665911139
1110	30-34	-0.011221253584778879
1110	35-39	0.15231523913188738
1110	40-44	0.2243884965647709
1110	45-49	0.20346561490314485
1110	50-54	-0.27382501407343796
1110	55-59	0.029080372880727623
1110	60-64	0.4160755995715064
1110	65-69	0.16809041106977674
1110	70-74	0.14489104893081617
1110	75-79	0.20775950481950645
1110	80-84	-0.12976134276591722
1110	85-89	0.2719137490427812
1110	90-94	0.39887347068715684
1110	95-99	0.01711165794031899
1110	100-104	0.035009700701273516
1110	105-109	-0.050748151709655076
1110	110-114	-0.10357908045840958
1110	115-119	0.0477335871424458
1110	120-124	0.08419253889261569
1110	125-129	-0.22666212807604325
1110	130-134	-0.062455026657183055
1110	135-139	-0.22448842162101812
1110	140-144	-0.11843897095800315
1110	145-149	0.2783997734431338
1110	150-151	0.12741349271302482
1111	1	0.06423889211466616
1111	2	-0.12114293883703198
1111	3	0.0834987283300137
1111	4	0.020056043896659048
1111	5	-0.1307757076495868
1111	6	0.14649348220026326
1111	7	0.3884271607593419
1111	8	-0.06639096821843538
1111	9	-0.02413287130631403
1111	10-14	0.29400764237375654
1111	15-19	-0.048350324696016855
1111	20-24	0.07832832360008268
1111	25-29	0.12602275854452927
1111	30-34	0.14851944844393472
1111	35-39	0.04170751776712933
1111	40-44	0.07722726420650616
1111	45-49	0.20224951520805945
1111	50-54	0.13718997714305914
1111	55-59	0.07922884830799148
1111	60-64	0.08803956052582862
1111	65-69	-0.06814933401116008
1111	70-74	-0.05898108997532603
1111	75-79	-0.13360169523262755
1111	80-84	0.008284673959593647
1111	85-89	0.00807426182853277
1111	90-94	-0.1333592249468012
1111	95-99	0.059686477902772594
1111	100-104	-0.05241631229872468
1111	105-109	0.07844149622866325
1111	110-114	0.16087375412727312
1111	115-119	0.052497263856345455
1111	120-124	0.22944695484817146
1111	125-129	0.39256261672326076
1111	130-134	0.23497706014770614
1111	135-139	0.46467710356818515
1111	140-144	0.26683610156423754
1111	145-149	0.20332379162898206
1111	150-151	0.2926557303431352
1112	1	0.06307037231596979
1112	2	0.08246411625736982
1112	3	-0.0716352477507769
1112	4	-0.043874636476324724
1112	5	0.10639335392857419
1112	6	0.13561163058099623
1112	7	0.1835437576807024
1112	8	0.137942036177364
1112	9	0.09024029161275138
1112	10-14	0.2893896056910563
1112	15-19	0.3288538118253683
1112	20-24	0.07746358728661562
1112	25-29	-0.13003910281973674
1112	30-34	0.1010723730855716
1112	35-39	0.09205102524204278
1112	40-44	0.08665340881984918
1112	45-49	0.04832718135137526
1112	50-54	-0.005574421391862927
1112	55-59	-0.023985060846221984
1112	60-64	-0.021394819622123862
1112	65-69	0.2109491732060107
1112	70-74	-0.05590916361803977
1112	75-79	0.050589517191568234
1112	80-84	0.24002781932548345
1112	85-89	0.23516641316743403
1112	90-94	0.1958984309226537
1112	95-99	0.17632940144324039
1112	100-104	0.28126315206831265
1112	105-109	0.0016134216072742902
1112	110-114	0.3568115717666984
1112	115-119	0.4740419873884534
1112	120-124	0.1688057900468678
1112	125-129	0.29359059913966234
1112	130-134	0.23854904901616436
1112	135-139	0.3787276046000727
1112	140-144	0.34397028720883327
1112	145-149	0.369303081624885
1112	150-151	-0.1237050411804681
1113	1	-0.05313308730091393
1113	2	-0.2943027236412057
1113	3	-0.1904371859396221
1113	4	0.00560943372025946
1113	5	-0.07491015338984397
1113	6	0.09783954351313184
1113	7	0.07383021797544131
1113	8	0.27046444334765596
1113	9	-0.1383002923545078
1113	10-14	-0.026196244526104806
1113	15-19	0.12925299838860127
1113	20-24	-0.011557526920910277
1113	25-29	-0.13244928584300197
1113	30-34	-0.05009129340535168
1113	35-39	-0.06016363523176693
1113	40-44	0.09216366145624022
1113	45-49	0.1627072297536074
1113	50-54	0.15313048191534762
1113	55-59	-0.01188843386695737
1113	60-64	-0.19976928381380077
1113	65-69	-0.02160193958903278
1113	70-74	-0.009465747440884797
1113	75-79	-0.09462049120514138
1113	80-84	-0.22042506051451483
1113	85-89	-0.7589611330088175
1113	90-94	-0.48551695971450926
1113	95-99	-0.1038706661563964
1113	100-104	-0.18151290633877437
1113	105-109	-0.35647350622434004
1113	110-114	-0.1434179265648794
1113	115-119	-0.25910359710088215
1113	120-124	-0.08837467898172946
1113	125-129	-0.017771669481213337
1113	130-134	-0.032240900423779806
1113	135-139	-0.06302770508485622
1113	140-144	0.08200675691921333
1113	145-149	-0.09523773366410637
1113	150-151	-0.06395476322341764
1114	1	0.08304682110519224
1114	2	-0.07043767022683056
1114	3	0.03923342217148473
1114	4	-0.016653810417949444
1114	5	-0.08563869337803709
1114	6	0.12848142218658154
1114	7	-0.011110379613064936
1114	8	0.24814362874693785
1114	9	0.03690066232012157
1114	10-14	0.21791037028449267
1114	15-19	0.37000744863865975
1114	20-24	-0.04202555701248656
1114	25-29	-0.07086872077825035
1114	30-34	-0.09972460154272511
1114	35-39	-0.006543227320207734
1114	40-44	-0.1713984717827799
1114	45-49	0.08816195899299117
1114	50-54	-0.027082544766528827
1114	55-59	-0.009176220214762054
1114	60-64	-0.3141191722702885
1114	65-69	-0.07042722561627102
1114	70-74	-0.27109526633846315
1114	75-79	-0.25795083156451426
1114	80-84	-0.15075755777174749
1114	85-89	-0.1414322364436984
1114	90-94	-0.3421410805168392
1114	95-99	-0.11977553963998844
1114	100-104	-0.13380649694940416
1114	105-109	-0.1161265506098701
1114	110-114	0.0510454926743904
1114	115-119	-0.14816660515987934
1114	120-124	-0.005626482541430278
1114	125-129	-0.2735469428756403
1114	130-134	-0.5672951705454992
1114	135-139	0.07088782028161944
1114	140-144	-0.13687287518374092
1114	145-149	-0.49882960179530755
1114	150-151	-0.04711100602114726
2101	1	0.05205451212484746
2101	2	0.19542166493081226
2101	3	0.16452731179055746
2101	4	0.07285034475118124
2101	5	0.16877509861807027
2101	6	0.061005130238257266
2101	7	0.3267952071760263
2101	8	0.3928470401220636
2101	9	0.12449410488291335
2101	10-14	0.2627146311965447
2101	15-19	0.08226842797253653
2101	20-24	0.06513384260016153
2101	25-29	0.14852046286041798
2101	30-34	0.15109599561804998
2101	35-39	0.1486024959125345
2101	40-44	0.026125387773873854
2101	45-49	0.1981382490366954
2101	50-54	0.21795786651815519
2101	55-59	0.1124370852956531
2101	60-64	0.10706374596008317
2101	65-69	0.23335390626474606
2101	70-74	0.2328951726488242
2101	75-79	0.1357072277120821
2101	80-84	0.2679175665869806
2101	85-89	0.43477988086128505
2101	90-94	0.26360962716999126
2101	95-99	0.3044534771749454
2101	100-104	0.4695933665045686
2101	105-109	0.38513888457998036
2101	110-114	0.4095000079321025
2101	115-119	0.4156493058431394
2101	120-124	0.4184338944025967
2101	125-129	0.27241471315062427
2101	130-134	0.5086202276717415
2101	135-139	0.6134179573950931
2101	140-144	0.48503555091989625
2101	145-149	0.6341314356900298
2101	150-151	0.7044661063472191
2102	1	0.061335941542211
2102	2	0.0901742030563355
2102	3	0.044096581376820154
2102	4	-0.029336777104589373
2102	5	0.10103868606432798
2102	6	-0.12298386764199165
2102	7	0.06005344803834589
2102	8	-0.1794661512650464
2102	9	0.1078660572013348
2102	10-14	0.12702528231262988
2102	15-19	-0.2029069451297687
2102	20-24	-0.10052478273560439
2102	25-29	-0.30980278662680405
2102	30-34	-0.18136248897297946
2102	35-39	-0.11736254829776982
2102	40-44	-0.1399289598443758
2102	45-49	-0.2486662234150785
2102	50-54	-0.27991685759294427
2102	55-59	-0.1724045305507076
2102	60-64	-0.2220655442801842
2102	65-69	-0.205814510798092
2102	70-74	-0.30080472944395353
2102	75-79	-0.20059793750262145
2102	80-84	-0.05408670255238235
2102	85-89	-0.03704158299997573
2102	90-94	-0.3004454262247265
2102	95-99	-0.3233337884400882
2102	100-104	-0.6067492778125256
2102	105-109	-0.30630145807902665
2102	110-114	0.09482395831260249
2102	115-119	-0.17718826802769172
2102	120-124	-0.1406774903137773
2102	125-129	8.421076295661578E-4
2102	130-134	0.036213580851850224
2102	135-139	0.03369274908919806
2102	140-144	0.023052290106356566
2102	145-149	-0.09088450441972995
2102	150-151	0.2463047429664087
2103	1	0.1698609119880885
2103	2	0.13782771720885734
2103	3	0.04736983991406163
2103	4	0.08431276675818822
2103	5	0.015134329898110366
2103	6	0.22481462900110927
2103	7	-0.19956669783633885
2103	8	0.027387059539492498
2103	9	0.09931543600712445
2103	10-14	0.06971950308751218
2103	15-19	0.08318477302427141
2103	20-24	-0.00628036456149772
2103	25-29	0.22059714199719593
2103	30-34	0.12964547391150205
2103	35-39	0.2101341966826027
2103	40-44	-0.17119627561644535
2103	45-49	0.21499844844598925
2103	50-54	-0.054595334257896866
2103	55-59	-0.1632868707166466
2103	60-64	0.014852002041905621
2103	65-69	-0.008575470352624848
2103	70-74	-0.07739378263792673
2103	75-79	-0.1260255984000196
2103	80-84	0.1302185534145721
2103	85-89	0.17663358325895473
2103	90-94	-0.03530217707083949
2103	95-99	-0.05382072555576656
2103	100-104	-0.3589293019851354
2103	105-109	-0.17198413916918298
2103	110-114	-0.08849444689182917
2103	115-119	-0.6849973848883906
2103	120-124	-0.7171346020001863
2103	125-129	-0.5504221304795038
2103	130-134	-0.7374630253865249
2103	135-139	-0.9013529502500965
2103	140-144	-0.9886641461331145
2103	145-149	-1.7421457219446665
2103	150-151	-2.0320160552085866
2104	1	-0.029634815165657358
2104	2	0.014206372451077698
2104	3	-0.007680360934621433
2104	4	-0.005068746105635569
2104	5	0.07643370991649334
2104	6	0.0010137205401008487
2104	7	-0.08389483974827527
2104	8	0.14124267492445597
2104	9	0.18767594920154806
2104	10-14	0.04955343496652631
2104	15-19	0.21656795245664284
2104	20-24	-0.07107985553349039
2104	25-29	0.09872990591961184
2104	30-34	-0.07602226304238968
2104	35-39	-0.093616365006163
2104	40-44	0.16319250891410064
2104	45-49	0.176922362473384
2104	50-54	-0.07854624630076756
2104	55-59	0.1116911669036682
2104	60-64	-0.1242765717488723
2104	65-69	-0.3346896709085314
2104	70-74	-0.28951627064314067
2104	75-79	0.0025077652241307646
2104	80-84	0.14771834997281985
2104	85-89	0.0934785885104219
2104	90-94	-0.05021241767127549
2104	95-99	-9.111143487245954E-4
2104	100-104	-0.3007413122577631
2104	105-109	-0.11535515574767174
2104	110-114	-0.3417587875913952
2104	115-119	-0.17737915971770946
2104	120-124	-0.33079869755366076
2104	125-129	-0.07041263958383581
2104	130-134	0.11528728693634349
2104	135-139	-0.07358132131815154
2104	140-144	-0.041340069668514445
2104	145-149	0.06488803169842328
2104	150-151	-0.44300152132544923
2105	1	-0.10930048056986053
2105	2	0.03648318182965227
2105	3	-0.03611455033455968
2105	4	-0.11572105195418914
2105	5	-0.010522477808692088
2105	6	-0.2470436126190947
2105	7	-0.6241041061634789
2105	8	-0.01807809269302396
2105	9	-0.2761287969361632
2105	10-14	-0.583788028822859
2105	15-19	-0.28933303011217504
2105	20-24	0.014775455638911694
2105	25-29	-0.2402390498225344
2105	30-34	-0.08140392073354263
2105	35-39	-0.011695076294337525
2105	40-44	0.05475130266522399
2105	45-49	-0.016700644265071674
2105	50-54	0.1837648119787616
2105	55-59	0.21634654856843838
2105	60-64	-0.35505245413745
2105	65-69	-0.13762049589659142
2105	70-74	-0.026759616090764382
2105	75-79	-0.08188826256368742
2105	80-84	-0.05596933217402267
2105	85-89	0.002537912934009512
2105	90-94	0.10905887301410644
2105	95-99	0.14679177673619392
2105	100-104	0.07420404288556881
2105	105-109	0.19249456987357405
2105	110-114	0.09901225324553309
2105	115-119	0.1050368426692998
2105	120-124	-0.0025095638965950684
2105	125-129	0.10837149752679665
2105	130-134	0.2735071134355138
2105	135-139	0.18211219693770175
2105	140-144	0.11085040921568634
2105	145-149	0.41155036336417794
2105	150-151	0.45534810517198565
2106	1	-0.021031124128285228
2106	2	0.09542061246818179
2106	3	-0.09192757308318278
2106	4	-0.036272927565633495
2106	5	0.048151040901018405
2106	6	0.09483785708999903
2106	7	0.18167508172248148
2106	8	0.039141976987458804
2106	9	0.059080921209762494
2106	10-14	-0.10924934300759759
2106	15-19	0.002824338734228604
2106	20-24	-0.08354150162089269
2106	25-29	-0.17942136752996873
2106	30-34	-0.180039795741763
2106	35-39	-0.18958112840203967
2106	40-44	-0.3339060490054351
2106	45-49	0.08119941931194319
2106	50-54	0.0946365795664903
2106	55-59	-0.2775080927882314
2106	60-64	-0.6040063478022759
2106	65-69	-0.24768353378329522
2106	70-74	-0.6725955596127875
2106	75-79	-0.2805015881887343
2106	80-84	-0.09023868167359694
2106	85-89	-0.057409765441803984
2106	90-94	-0.12148392234517758
2106	95-99	-0.13332357100836134
2106	100-104	-0.06384140779004355
2106	105-109	-0.11690690589818331
2106	110-114	-0.0617283939888722
2106	115-119	-0.21706941458894136
2106	120-124	-0.006336660581105491
2106	125-129	0.39991046415454434
2106	130-134	0.09145586490970459
2106	135-139	-0.1845421310176505
2106	140-144	-0.11081773530258232
2106	145-149	-0.10236216822633182
2106	150-151	0.17578380879463396
2107	1	0.06220233077750237
2107	2	-0.10467346656679766
2107	3	-0.10992430537606168
2107	4	-0.06191698232908038
2107	5	-0.09037425232629204
2107	6	0.05534542565528966
2107	7	-0.7607326542376143
2107	8	-0.7863106262238304
2107	9	-0.5201752959538624
2107	10-14	-0.5623203719630325
2107	15-19	-0.24346512398427222
2107	20-24	-0.10311853258964732
2107	25-29	-0.033497481335523105
2107	30-34	-0.1577157142295107
2107	35-39	-0.1948879823883658
2107	40-44	-0.053388318028027015
2107	45-49	-0.18343484403695953
2107	50-54	0.06446102548827781
2107	55-59	0.031609750902177325
2107	60-64	0.0751289905902297
2107	65-69	-0.03544115961827288
2107	70-74	-0.319699467937518
2107	75-79	-0.1315674475473685
2107	80-84	-0.1490397273977635
2107	85-89	0.2710126460744817
2107	90-94	0.26670926921330107
2107	95-99	-0.0785864213008125
2107	100-104	0.2374840393435207
2107	105-109	-0.09605822390090424
2107	110-114	-0.47883618437941067
2107	115-119	-0.12949194851061918
2107	120-124	-0.0883467412815051
2107	125-129	0.11987777908490216
2107	130-134	0.1534942144615954
2107	135-139	-0.5970248295016702
2107	140-144	-0.3822885779887386
2107	145-149	-0.4346665557702529
2107	150-151	-0.25510767599599404
2108	1	-0.042195619057103784
2108	2	0.05189631401910333
2108	3	-0.1110695660790455
2108	4	-0.10219966836701389
2108	5	-0.19973549432434012
2108	6	-0.19955911612144206
2108	7	-0.8591388083034417
2108	8	-0.6915767431653563
2108	9	-0.05139629259839751
2108	10-14	-0.3369770912224581
2108	15-19	-0.1430578871265027
2108	20-24	-0.18296729868279016
2108	25-29	-0.057211368439595844
2108	30-34	-0.1500149515156295
2108	35-39	-0.21997664061000677
2108	40-44	0.010167613877634096
2108	45-49	0.04726453230834693
2108	50-54	0.11444876301234075
2108	55-59	-0.10434607860877065
2108	60-64	0.047803158214819064
2108	65-69	0.11981203466110202
2108	70-74	0.16187451809268794
2108	75-79	0.031302916989062624
2108	80-84	-0.01010169600599653
2108	85-89	0.161741180267569
2108	90-94	0.2517042648292076
2108	95-99	0.02929199430659679
2108	100-104	0.04187050783668411
2108	105-109	0.27333246178530857
2108	110-114	0.07407352912132836
2108	115-119	0.0343429312535406
2108	120-124	0.33894645695490055
2108	125-129	0.2234454198259357
2108	130-134	0.26253180856426184
2108	135-139	-0.1791480558889731
2108	140-144	-0.3620115495635332
2108	145-149	-0.45884325231605416
2108	150-151	0.13678116791146522
2109	1	0.06284709982704584
2109	2	0.1769960932634902
2109	3	0.1293191623991916
2109	4	-0.010783261412832701
2109	5	-0.08576611366222409
2109	6	0.08818656042957684
2109	7	-0.10599361374823957
2109	8	0.24993352311632577
2109	9	0.11266083650926362
2109	10-14	-0.008015330066271531
2109	15-19	-0.12329777743617854
2109	20-24	-0.05023703301220195
2109	25-29	-0.2544071420008578
2109	30-34	-0.11990997802158176
2109	35-39	-0.16627573440468524
2109	40-44	-0.04098776622387845
2109	45-49	-0.15471667224172592
2109	50-54	-0.27693782083252216
2109	55-59	-0.2404378222339716
2109	60-64	-0.0804666393868061
2109	65-69	-0.19693968427245068
2109	70-74	-0.027720895420699776
2109	75-79	-0.009900035545783226
2109	80-84	-0.014438384923266767
2109	85-89	-0.14405726535126462
2109	90-94	-0.07239793909815262
2109	95-99	-0.2805404451867517
2109	100-104	-0.3311459691558696
2109	105-109	-0.11034589914646631
2109	110-114	-0.43157764464594806
2109	115-119	-0.3672585538024222
2109	120-124	-0.10976808418362083
2109	125-129	-0.2050189126700701
2109	130-134	-0.08732707692752228
2109	135-139	-0.875550876130049
2109	140-144	0.08050675572266641
2109	145-149	-0.1950681955564164
2109	150-151	-0.3289342657831327
2110	1	-0.10720050519234903
2110	2	0.1975273771788295
2110	3	0.08361028326181952
2110	4	0.09723723916435745
2110	5	0.10047449079965531
2110	6	-0.12625769103163265
2110	7	0.31464341645087046
2110	8	0.040705576542187316
2110	9	-0.7702486640554511
2110	10-14	-0.3610421974909457
2110	15-19	-0.6364825733851944
2110	20-24	-0.02435068819679742
2110	25-29	0.22475988051196794
2110	30-34	-0.08959927394516143
2110	35-39	-0.04591390634431747
2110	40-44	-0.032800492427817574
2110	45-49	-0.48378014319990115
2110	50-54	-0.6626008014455493
2110	55-59	0.08886680109187495
2110	60-64	0.2796232356679411
2110	65-69	0.27578043390387563
2110	70-74	0.18643447771512456
2110	75-79	0.04611972842001677
2110	80-84	-0.2999233918899975
2110	85-89	-0.10461355423529994
2110	90-94	0.2002737101134926
2110	95-99	-0.11154909230005217
2110	100-104	0.017391450536102582
2110	105-109	0.03938181303324484
2110	110-114	-0.07315932525028046
2110	115-119	0.2594783367983666
2110	120-124	-0.11601741495324092
2110	125-129	-0.17914752183168048
2110	130-134	0.3885936987408698
2110	135-139	0.07302287943443275
2110	140-144	0.3128805699977377
2110	145-149	0.6529328874342255
2110	150-151	0.349311015720005
2111	1	-0.07133104291936831
2111	2	-0.09304731894804519
2111	3	-0.02472708180722094
2111	4	-0.09525174218359211
2111	5	-0.06008967538219423
2111	6	0.11119606842000707
2111	7	0.28314175857937585
2111	8	0.15194415841006048
2111	9	0.010192884485633158
2111	10-14	0.18359506526454084
2111	15-19	-0.025313366919419877
2111	20-24	-0.32216128075230444
2111	25-29	0.034274201377165525
2111	30-34	-0.23684956798582846
2111	35-39	-0.3287355686930269
2111	40-44	-0.5553004348371431
2111	45-49	-0.7913413244042289
2111	50-54	-0.8697787979497349
2111	55-59	-0.6727443681636842
2111	60-64	-0.5752921254215124
2111	65-69	-0.3327236208254689
2111	70-74	-0.24271852524421433
2111	75-79	-0.29263992199229705
2111	80-84	-0.43296595614858546
2111	85-89	-0.6661460272297361
2111	90-94	-0.586540663295871
2111	95-99	-0.15061443359929427
2111	100-104	-0.25702737062968595
2111	105-109	-0.2549088922890803
2111	110-114	-0.1600691219167132
2111	115-119	-0.2247888024229212
2111	120-124	-0.036548310212836554
2111	125-129	-0.18549832785826936
2111	130-134	-0.15613811697610913
2111	135-139	0.3229545726422529
2111	140-144	0.15491201867761362
2111	145-149	0.013083784649374763
2111	150-151	0.02865917748875546
2112	1	-0.012895989627516258
2112	2	0.05408954323264936
2112	3	-0.11734450831806953
2112	4	-0.006124226533067656
2112	5	-0.050497451596221765
2112	6	-0.06460003639629264
2112	7	0.21171590409191765
2112	8	0.2892439877735171
2112	9	0.18214745571378188
2112	10-14	0.10666470071802081
2112	15-19	0.15755610453190627
2112	20-24	-0.17429490092722233
2112	25-29	-0.1177705621864078
2112	30-34	-0.35319949407871576
2112	35-39	-0.2349881763240873
2112	40-44	-0.4265151369623439
2112	45-49	-0.3630729825963428
2112	50-54	-0.3360794293844904
2112	55-59	-0.2852292803292613
2112	60-64	-0.1329569604957399
2112	65-69	-0.2592533127653667
2112	70-74	-0.13227987789566953
2112	75-79	-0.15620138988023768
2112	80-84	-0.1278866863602417
2112	85-89	-0.3879709385556467
2112	90-94	-0.3243917687494715
2112	95-99	-0.3548402088809155
2112	100-104	-0.23769083340759067
2112	105-109	-0.022086404344250354
2112	110-114	-0.42181078614896705
2112	115-119	0.12829646303176645
2112	120-124	0.021924820614543705
2112	125-129	-0.1982817586511132
2112	130-134	-0.20914352994095253
2112	135-139	0.28393457101043396
2112	140-144	-0.2355549495236886
2112	145-149	-0.05543357247744396
2112	150-151	0.19031683842677083
2113	1	-0.05865207315122234
2113	2	0.16052726640005233
2113	3	0.04060689011282648
2113	4	0.02590107633615446
2113	5	-0.09885312595849172
2113	6	-0.2812601335328111
2113	7	0.09248170774439046
2113	8	0.030308964127840454
2113	9	0.10663024400743382
2113	10-14	-0.049301404207554356
2113	15-19	-0.010347761960439072
2113	20-24	-0.1334515305546944
2113	25-29	-0.31763852388326796
2113	30-34	-0.3273342823316554
2113	35-39	-0.1202865384592613
2113	40-44	-0.15255626778218812
2113	45-49	-0.12722844682927104
2113	50-54	0.022044940097316612
2113	55-59	-0.1338211802830216
2113	60-64	-0.07501888073859675
2113	65-69	-0.3802048132360909
2113	70-74	-0.10648528840624039
2113	75-79	-0.35760476688238896
2113	80-84	-0.7478660732281952
2113	85-89	-1.350695118109023
2113	90-94	-0.7431195877194341
2113	95-99	-0.18512576329413832
2113	100-104	-0.10989194137351888
2113	105-109	-0.22831200990563616
2113	110-114	-0.6588643969621231
2113	115-119	-0.4360080931706136
2113	120-124	-0.44722761219715323
2113	125-129	-0.3533691563993173
2113	130-134	-0.9393122097428979
2113	135-139	0.17051611549270262
2113	140-144	-0.04532254451138584
2113	145-149	-0.27996262203172506
2113	150-151	0.1641610848983781
2114	1	-0.1294751446884952
2114	2	0.035866019787583525
2114	3	0.03840038450281469
2114	4	-0.07112758506215044
2114	5	-0.01521097313374753
2114	6	-0.1255849126189048
2114	7	0.06455627948777476
2114	8	0.04912746534731127
2114	9	0.24422012470022736
2114	10-14	0.17271182499443682
2114	15-19	-0.013371419043338051
2114	20-24	-0.07320493845414688
2114	25-29	-0.09607193299061834
2114	30-34	-0.21752038864983092
2114	35-39	-0.27614187163531057
2114	40-44	-0.5254665455277063
2114	45-49	-0.3236031523677809
2114	50-54	-0.12882069551940134
2114	55-59	-0.3927673589073848
2114	60-64	-0.5091693428976143
2114	65-69	-0.6425691014971591
2114	70-74	-0.29646817856666274
2114	75-79	-0.44076269642386023
2114	80-84	-0.5137344577042384
2114	85-89	-1.0718797557542459
2114	90-94	-0.8233210374213868
2114	95-99	-0.5425999596772897
2114	100-104	-0.5413895904277695
2114	105-109	-0.6908905058631163
2114	110-114	-0.7953624265270989
2114	115-119	-0.4838224879037867
2114	120-124	-0.659848108222576
2114	125-129	-0.3422664973855589
2114	130-134	-1.9253443214391375
2114	135-139	-0.4126466053908473
2114	140-144	-0.47130821125536215
2114	145-149	-0.3960205117459701
2114	150-151	-0.5586490744054444
>>END_MODULE
>>Per sequence quality scores	pass
#Quality	Count
2	1258.0
3	0.0
4	0.0
5	0.0
6	0.0
7	0.0
8	0.0
9	0.0
10	0.0
11	0.0
12	0.0
13	1.0
14	0.0
15	0.0
16	9.0
17	85.0
18	286.0
19	646.0
20	1147.0
21	1863.0
22	2505.0
23	3579.0
24	4969.0
25	6556.0
26	8374.0
27	10778.0
28	13284.0
29	16425.0
30	19558.0
31	23329.0
32	27964.0
33	33634.0
34	42190.0
35	56021.0
36	89621.0
37	222545.0
38	33574.0
>>END_MODULE
>>Per base sequence content	warn
#Base	G	A	T	C
1	48.11380046304748	14.434770245402243	6.686883929537939	30.764545362012335
2	31.127098941259533	14.962605603423901	23.906724851884583	30.003570603431978
3	28.94886928198558	17.27978182158939	17.43310773366853	36.33824116275651
4	36.425486676479096	20.927452124024345	13.88366941705456	28.763391782442
5	33.56334912907974	22.059058750159547	15.248577009514609	29.129015111246108
6	31.425349345577864	23.64935058640295	14.456258492300583	30.469041575718602
7	28.68147793900246	16.64159704528527	25.212499373932655	29.464425641779613
8	26.7391342983118	16.1186086602482	19.177533310821836	37.96472373061817
9	31.94963025674416	15.88966996960948	18.72062532414132	33.44007444950504
10-14	32.535015340669496	17.71891757399308	16.46161278179089	33.28445430354653
15-19	32.275831538606944	17.861386266586745	17.000563864523873	32.86221833028243
20-24	32.221610067486026	17.552181703323246	17.428357700143632	32.7978505290471
25-29	32.49791984076078	17.624595479712994	17.458699751027154	32.41878492849907
30-34	32.64911308472671	17.489461872902677	17.352615668971133	32.50880937339949
35-39	32.42899574816708	17.49067820145948	17.483339093616948	32.59698695675649
40-44	32.50768308477676	17.63898294709821	17.463378834295725	32.38995513382931
45-49	32.61768204163994	17.460486985246572	17.41822117419747	32.503609798916024
50-54	32.45007130345317	17.47774615970671	17.492202202267386	32.57998033457273
55-59	32.593926760707	17.514268317912144	17.478677186476936	32.41312773490392
60-64	32.64138563372474	17.423506014299807	17.425377888762053	32.5097304632134
65-69	32.4449094836501	17.4886495265873	17.453198913949173	32.61324207581343
70-74	32.55614701277121	17.53372548810754	17.48129986259493	32.428827636526314
75-79	32.65881801352546	17.386656438833167	17.355623651551504	32.59890189608987
80-84	32.51268419453455	17.41230549345718	17.467065227908112	32.60794508410015
85-89	32.59428542351856	17.425965133285796	17.416510289276967	32.56323915391867
90-94	32.64131675963757	17.354060570580494	17.375063191023717	32.629559478758225
95-99	32.51616959509397	17.30825249866325	17.477284153779067	32.69829375246371
100-104	32.596032853811245	17.44300474456965	17.404184222732113	32.556778178886994
105-109	32.73215552615166	17.277290444559547	17.341508257183282	32.64904577210551
110-114	32.58346310569537	17.339658370705628	17.34931790434334	32.727560619255655
115-119	32.65338992612074	17.335094401282287	17.40434405406141	32.60717161853556
120-124	32.74276469617253	17.27486381971477	17.3025486026196	32.6798228814931
125-129	32.56927829456595	17.281890021741507	17.401890220294057	32.74694146339849
130-134	32.68024048473641	17.287719140538886	17.389041207303578	32.642999167421124
135-139	32.683477372197906	17.27013396725245	17.251027526604606	32.795361133945036
140-144	32.57325450965923	17.212208977058463	17.383884424001828	32.830652089280484
145-149	32.62486033195566	17.085654690333232	17.452416208839004	32.8370687688721
150-151	34.986881392267925	7.292250394420353	19.535374261090467	38.18549395222126
>>END_MODULE
>>Per sequence GC content	warn
#GC Content	Count
0	1258.0
1	629.0
2	0.0
3	0.0
4	0.0
5	0.0
6	0.0
7	0.0
8	0.0
9	0.0
10	0.0
11	0.0
12	0.0
13	0.0
14	1.5
15	2.5
16	2.5
17	2.5
18	2.5
19	3.5
20	2.5
21	2.0
22	3.5
23	5.0
24	9.0
25	11.5
26	10.5
27	9.0
28	10.0
29	12.0
30	11.5
31	12.0
32	15.5
33	22.0
34	28.5
35	32.5
36	50.5
37	73.0
38	88.5
39	120.5
40	163.5
41	216.0
42	265.0
43	311.0
44	411.0
45	509.0
46	610.5
47	797.0
48	1027.5
49	1326.0
50	1754.0
51	2353.5
52	3165.5
53	4226.5
54	5711.5
55	7583.5
56	9991.0
57	12952.5
58	16470.5
59	20871.0
60	26095.0
61	31214.5
62	35849.5
63	40270.5
64	43752.0
65	45697.0
66	46060.0
67	44810.5
68	42372.0
69	38653.5
70	33739.5
71	28380.5
72	22811.0
73	17918.5
74	13733.0
75	10075.0
76	7348.0
77	5273.0
78	3735.5
79	2710.0
80	1981.0
81	1443.5
82	1104.0
83	857.0
84	665.5
85	508.5
86	381.5
87	302.0
88	211.0
89	152.0
90	127.5
91	79.0
92	43.0
93	22.0
94	10.5
95	7.0
96	2.5
97	0.5
98	1.0
99	1.0
100	1.0
>>END_MODULE
>>Per base N content	pass
#Base	N-Count
1	0.2028374672082115
2	0.2028374672082115
3	0.2028374672082115
4	0.2028374672082115
5	0.2028374672082115
6	0.2028374672082115
7	0.2028374672082115
8	0.2028374672082115
9	0.2028374672082115
10-14	0.2028374672082115
15-19	0.2028374672082115
20-24	0.2028374672082115
25-29	0.2028374672082115
30-34	0.2028374672082115
35-39	0.040655700830921085
40-44	0.0
45-49	0.0
50-54	0.0
55-59	0.0
60-64	0.0
65-69	0.0
70-74	0.0
75-79	0.0
80-84	0.0
85-89	0.0
90-94	0.0
95-99	0.0
100-104	0.0
105-109	0.0
110-114	0.0
115-119	0.0
120-124	0.0
125-129	0.0
130-134	0.0
135-139	0.0
140-144	0.0
145-149	0.0
150-151	0.0
>>END_MODULE
>>Sequence Length Distribution	warn
#Length	Count
35-39	2183.0
40-44	1290.0
45-49	1663.0
50-54	2100.0
55-59	2660.0
60-64	3358.0
65-69	4171.0
70-74	4977.0
75-79	5930.0
80-84	7041.0
85-89	8070.0
90-94	8997.0
95-99	10375.0
100-104	11571.0
105-109	12433.0
110-114	13562.0
115-119	14493.0
120-124	15421.0
125-129	16033.0
130-134	16842.0
135-139	17485.0
140-144	17348.0
145-149	39990.0
150-152	382208.0
>>END_MODULE
>>Sequence Duplication Levels	pass
#Total Deduplicated Percentage	95.14123203714216
#Duplication Level	Percentage of deduplicated	Percentage of total
1	95.41513957018654	90.77913933703424
2	4.341883573649247	8.261843051176381
3	0.22626479828123042	0.6458133502533512
4	0.015315860954839557	0.05828679523811984
5	5.754817333471228E-4	0.002737602056275769
6	2.58373115129597E-4	0.0014749161899222536
7	0.0	0.0
8	2.2332445739081913E-4	0.0016997891216151031
9	0.0	0.0
>10	0.0	0.0
>50	0.0	0.0
>100	1.6950881113755121E-4	0.046124012599744704
>500	0.0	0.0
>1k	1.6950881113755121E-4	0.20288114633034557
>5k	0.0	0.0
>10k+	0.0	0.0
>>END_MODULE
>>Overrepresented sequences	warn
#Sequence	Count	Percentage	Possible Source
NNNNNNNNNNNNNNNNNNNNNNNNNNNNNNNNNNN	1258	0.2028374672082115	No Hit
>>END_MODULE
>>Adapter Content	pass
#Position	Illumina Universal Adapter	Illumina Small RNA 3' Adapter	Illumina Small RNA 5' Adapter	Nextera Transposase Sequence	SOLID Small RNA Adapter
1	0.0	0.0	0.0	0.0	0.0
2	0.0	0.0	0.0	0.0	0.0
3	0.0	0.0	0.0	0.0	0.0
4	0.0	0.0	0.0	0.0	0.0
5	0.0	0.0	0.0	0.0	1.612380502450012E-4
6	0.0	0.0	0.0	0.0	1.612380502450012E-4
7	0.0	0.0	0.0	0.0	1.612380502450012E-4
8	0.0	0.0	0.0	0.0	1.612380502450012E-4
9	1.612380502450012E-4	0.0	0.0	0.0	1.612380502450012E-4
10-14	1.612380502450012E-4	6.449522009800048E-5	0.0	0.0	1.612380502450012E-4
15-19	1.612380502450012E-4	3.224761004900024E-4	0.0	0.0	3.547237105390027E-4
20-24	3.224761004900024E-4	3.224761004900024E-4	3.224761004900024E-5	0.0	4.837141507350037E-4
25-29	7.416950311270055E-4	5.804569808820044E-4	1.9348566029400146E-4	0.0	4.837141507350037E-4
30-34	0.0015801328924010117	6.449522009800048E-4	4.837141507350037E-4	0.0	7.094474210780053E-4
35-39	0.002870037294361022	6.449522009800048E-4	8.061902512250061E-4	0.0	8.061902512250061E-4
40-44	0.004643655847056035	6.449522009800048E-4	0.001064171131617008	0.0	8.706854713230065E-4
45-49	0.007771674021809059	6.449522009800048E-4	0.0011286663517150084	0.0	9.674283014700074E-4
50-54	0.012963539239698096	6.449522009800048E-4	0.0011286663517150084	0.0	0.0011609139617640087
55-59	0.01738146181641113	6.449522009800048E-4	0.0011286663517150084	0.0	0.001451142452205011
60-64	0.023186031625231175	6.449522009800048E-4	0.0011286663517150084	0.0	0.0014833900622540112
65-69	0.031473667407824236	6.449522009800048E-4	0.0011286663517150084	0.0	0.001709123332597013
70-74	0.040019284070809305	7.739426411760059E-4	0.0011286663517150084	0.0	0.0022250850933810164
75-79	0.051660671298498384	8.061902512250061E-4	0.0011286663517150084	0.0	0.0022895803134790173
80-84	0.06391476311711848	8.061902512250061E-4	0.0011286663517150084	0.0	0.002450818363724019
85-89	0.0792001302803446	8.061902512250061E-4	0.0013543996220580102	0.0	0.002741046854165021
90-94	0.09580764945557972	8.061902512250061E-4	0.001741370942646013	0.0	0.002902284904410022
95-99	0.11580116768595987	8.061902512250061E-4	0.0018058661627440137	0.0	0.0032892562249980245
100-104	0.13824550428006405	8.061902512250061E-4	0.0019348566029400147	0.0	0.003482741885292026
105-109	0.16301166879769624	8.061902512250061E-4	0.0020638470431360158	0.0	0.0037084751556350276
110-114	0.19106708954032645	8.061902512250061E-4	0.0021928374833320163	0.0	0.0037084751556350276
115-119	0.22118635732609268	8.061902512250061E-4	0.002386323143626018	0.0	0.0038374655958310286
120-124	0.2512088822817119	8.061902512250061E-4	0.0024185707536750183	0.0	0.0041599416963210315
125-129	0.2769747227108631	8.706854713230065E-4	0.002450818363724019	0.0	0.004385674966664033
130-134	0.29406595603683316	9.674283014700074E-4	0.002741046854165021	0.0	0.0046436558470560356
135-139	0.3048044101831503	9.674283014700074E-4	0.002741046854165021	0.0	0.004675903457105036
140	0.3057073432645223	9.674283014700073E-4	0.002741046854165021	0.0	0.004837141507350037
>>END_MODULE
